4.00
63321
4.00	-4.00	0.23	0.06	0.01	-0.01	0.01	-0.01	0.01	-0.01	0.01	0.29
822
0.01	0.01	0.01	0.01	0.01	0.01	0.29
134
0.01	0.01	0.01	0.29
0
0.29
0
0.29
4096
-0.01	0.29
32
-0.01	0.29
1024
-0.01	0.28
24064
0.01	0.01	0.01	0.01	0.01	0.28
12288
0.01	0.01	0.28
0
0.28
256
-0.01	0.28
8196
-0.01	-0.01	0.27
62464
0.01	0.01	0.01	0.01	0.01	0.27
0
0.27
80
-0.01	-0.01	0.27
15105
-0.01	-0.01	-0.01	-0.01	-0.01	-0.01	0.27
34
-0.01	0.02	0.26
30832
0.01	0.01	0.01	0.01	0.01	0.01	0.01	0.26
0
0.26
0
0.26
0
0.26
33568
0.26	0.01	0.01	-0.01	0.27
53439
0.27	-0.01	0.01	0.01	-0.01	0.04	0.09	-0.03	-0.03	-0.03	0.29
50896
0.29	-0.01	-0.01	0.01	-0.01	0.01	-0.01	0.27
8192
0.01	0.27
0
0.27
0
0.27
0
0.27
0
0.27
45610
0.27	-0.01	0.01	0.01	-0.01	0.01	0.01	0.28
32770
0.01	0.01	0.28
1984
0.01	0.01	0.01	0.01	0.01	0.28
256
-0.01	0.28
0
0.28
4253
-0.01	-0.01	-0.01	-0.01	-0.01	-0.01	0.27
40960
0.01	0.01	0.27
518
0.01	0.01	0.01	0.27
512
0.01	0.27
0
0.27
8192
0.01	0.27
0
0.27
0
0.27
0
0.27
32
-0.01	0.27
5124
-0.01	-0.01	-0.01	0.27
128
-0.01	0.26
57364
0.01	0.01	0.01	0.01	0.01	0.27
32832
-0.01	-0.01	0.27
2048
-0.01	0.27
4135
-0.01	0.01	0.01	0.01	0.03	0.31
50527
0.31	-0.01	-0.01	0.01	0.01	0.01	0.04	0.05	0.02	0.02	0.44
55450
0.44	0.01	-0.02	0.01	-0.01	-0.01	0.01	-0.01	0.42
38900
0.42	-0.01	-0.01	-0.01	-0.01	-0.02	-0.01	-0.01	-0.01	-0.01	0.32
0
0.32
4352
-0.01	-0.01	0.31
53922
0.01	0.01	0.01	0.01	0.01	0.01	0.01	0.31
512
0.01	0.31
0
0.31
0
0.31
6145
-0.01	-0.01	-0.01	0.31
16427
-0.01	-0.01	-0.01	-0.01	-0.01	0.30
32768
0.01	0.30
32768
-0.01	0.30
0
0.30
4105
-0.01	-0.01	-0.01	0.30
16842
-0.01	-0.01	-0.01	-0.01	-0.01	-0.01	0.29
49185
0.01	0.01	0.01	0.01	0.29
1536
0.01	0.01	0.30
49152
-0.01	-0.01	0.30
4096
-0.01	0.30
32769
-0.01	-0.01	0.30
96
-0.01	-0.01	0.30
1024
-0.01	0.30
38193
-0.01	-0.01	-0.01	-0.01	-0.01	-0.01	-0.01	0.29
57351
0.01	0.01	0.01	0.01	0.01	0.01	0.29
41096
0.01	0.01	-0.01	-0.01	0.29
34060
-0.01	-0.01	-0.01	-0.01	-0.01	0.29
11533
-0.01	-0.01	-0.01	-0.01	-0.01	-0.01	-0.01	0.29
53416
0.29	-0.01	0.01	-0.01	0.01	-0.01	0.28
32768
0.01	0.28
512
0.01	0.28
0
0.28
544
0.01	-0.01	0.28
0
0.28
0
0.28
0
0.28
0
0.28
0
0.28
0
0.28
264
-0.01	-0.01	0.28
0
0.28
1024
-0.01	0.28
0
0.28
32
-0.01	0.28
0
0.28
0
0.28
0
0.28
16392
-0.01	-0.01	0.28
256
-0.01	0.28
4100
-0.01	-0.01	0.28
129
-0.01	-0.01	0.28
4162
-0.01	-0.01	-0.01	0.28
192
-0.01	-0.01	0.28
2049
-0.01	-0.01	0.27
50048
0.01	0.01	0.01	0.01	0.01	0.27
8228
0.01	0.01	0.01	0.27
16386
0.01	0.01	0.27
4098
0.01	0.01	0.27
16385
-0.01	0.01	0.27
2147
0.01	0.01	0.01	0.01	0.01	0.27
36938
0.27	0.01	0.01	-0.01	0.01	0.29
62615
0.29	-0.01	0.01	-0.01	0.01	-0.01	0.01	-0.01	0.01	-0.01	0.28
52097
0.01	0.01	0.01	0.01	0.01	0.01	-0.01	0.28
2048
-0.01	0.28
0
0.28
32768
-0.01	0.28
0
0.28
0
0.28
0
0.28
0
0.28
4106
-0.01	-0.01	-0.01	0.28
64516
-0.01	-0.01	-0.01	-0.01	-0.01	-0.01	-0.01	0.28
128
-0.01	0.29
61451
-0.01	-0.01	-0.01	-0.01	-0.01	-0.01	-0.01	0.29
0
0.29
2560
-0.01	-0.01	0.29
0
0.29
0
0.29
0
0.29
0
0.29
103
0.01	0.01	-0.01	-0.01	-0.01	0.28
0
0.28
3
0.01	0.01	0.29
0
0.29
4352
-0.01	-0.01	0.29
4096
-0.01	0.29
4
0.01	0.29
1024
-0.01	0.29
0
0.29
0
0.29
379
0.01	0.01	0.01	0.01	0.01	0.01	0.01	0.28
32768
0.01	0.28
32896
0.28	0.01	0.29
33
0.01	-0.01	0.28
1055
0.01	0.01	0.01	0.01	0.01	0.01	0.29
637
0.01	0.01	0.01	0.01	0.01	0.01	0.01	0.30
72
-0.01	-0.01	0.30
65
-0.01	-0.01	0.30
0
0.30
5120
-0.01	-0.01	0.30
0
0.29
62208
0.02	0.01	0.01	0.01	-0.01	-0.01	0.29
20512
-0.01	-0.01	0.01	0.30
12544
-0.01	-0.01	-0.01	0.30
12293
-0.01	-0.01	-0.01	-0.01	0.30
128
-0.01	0.30
4096
-0.01	0.30
8451
-0.01	-0.01	-0.01	-0.01	0.29
0
0.29
0
0.29
0
0.29
2
-0.01	0.29
0
0.29
0
0.29
31
0.01	0.09	0.06	0.03	0.03	0.31
45827
0.31	0.01	-0.01	-0.01	-0.01	0.01	-0.01	0.29
0
0.29
88
0.01	0.01	0.01	0.29
48879
0.29	0.01	0.04	-0.02	-0.01	-0.01	0.01	-0.01	0.02	-0.02	-0.01	-0.01	0.02	0.29
41080
0.29	-0.01	0.01	-0.01	0.10	-0.08	0.30
49813
0.30	-0.01	0.01	-0.02	0.01	0.01	-0.01	0.28
1575
0.01	0.01	0.01	0.01	0.01	0.01	0.29
16
-0.01	0.29
0
0.29
46948
0.29	0.01	0.02	-0.01	0.01	-0.01	0.01	-0.02	-0.01	0.30
49888
-0.01	-0.01	0.01	0.01	0.01	0.01	0.30
0
0.30
0
0.30
0
0.30
0
0.30
0
0.30
0
0.30
8194
0.01	0.01	0.30
5280
0.01	0.01	0.01	0.01	0.30
0
0.30
375
0.01	0.01	0.01	0.01	0.01	0.01	0.01	0.31
34776
0.31	-0.01	0.01	-0.01	0.01	-0.01	0.01	-0.01	0.30
33
0.01	0.01	0.30
9750
0.01	0.01	0.01	0.01	0.01	0.01	0.30
33253
0.01	0.01	0.01	0.01	0.01	0.01	0.01	0.30
8256
0.01	-0.01	0.30
0
0.30
0
0.30
0
0.30
496
0.01	0.01	0.01	0.01	0.01	0.30
50700
-0.01	-0.01	0.01	-0.01	0.01	0.01	0.31
51757
0.31	-0.01	0.01	0.01	-0.01	-0.01	0.01	0.01	0.32
53263
0.02	0.01	-0.01	0.01	0.03	0.05	0.06	0.38
43218
0.38	-0.01	0.01	-0.01	-0.01	-0.01	0.01	0.37
43163
0.37	0.02	0.01	-0.01	-0.01	-0.01	0.01	-0.02	0.36
49152
-0.01	-0.01	0.36
0
0.36
257
-0.01	-0.01	0.36
32
-0.01	0.36
4096
-0.01	0.36
32788
-0.01	-0.01	-0.01	0.36
8192
-0.01	0.36
0
0.36
0
0.36
63
-0.02	-0.02	-0.03	-0.03	-0.02	-0.04	0.33
45496
0.33	0.01	0.01	0.01	-0.01	0.01	-0.01	0.01	0.36
0
0.36
67
-0.01	-0.01	-0.01	0.36
0
0.36
0
0.36
127
0.03	0.01	0.03	0.02	0.01	0.01	0.01	0.37
7938
-0.01	-0.01	-0.01	-0.01	-0.01	-0.01	0.37
128
-0.01	0.37
16394
-0.01	-0.01	-0.01	0.37
5518
-0.01	-0.01	-0.01	-0.01	-0.01	-0.01	-0.01	0.36
32800
0.01	0.01	0.36
9840
0.01	0.01	0.01	0.01	0.01	0.01	0.36
1056
0.01	0.01	0.36
0
0.36
18208
0.01	0.01	0.01	0.01	0.01	0.36
94
0.01	0.01	0.01	0.01	0.01	0.34
65024
0.03	0.02	0.02	0.02	0.02	0.02	0.01	0.35
36737
-0.01	-0.01	-0.01	-0.01	-0.01	-0.01	-0.01	0.34
3111
0.01	0.01	0.01	0.01	0.01	0.01	0.35
64
-0.01	0.35
0
0.35
0
0.35
0
0.35
32
0.01	0.35
0
0.35
0
0.35
0
0.35
0
0.35
0
0.35
0
0.35
0
0.35
0
0.35
0
0.35
0
0.35
535
0.01	0.01	0.01	-0.01	-0.01	0.35
12592
0.01	0.01	-0.01	0.03	0.01	0.35
0
0.35
0
0.35
0
0.35
16
-0.01	0.35
673
-0.01	-0.01	-0.01	-0.01	0.34
0
0.34
4
-0.01	0.34
8192
-0.01	0.34
0
0.34
10
-0.01	-0.01	0.34
4303
-0.01	-0.01	-0.01	-0.01	-0.01	-0.01	-0.01	0.33
2
0.01	0.33
41280
0.01	0.01	0.01	0.01	0.33
8192
0.01	0.33
0
0.33
0
0.33
16416
-0.01	0.01	0.33
18944
0.01	0.01	0.01	0.33
34851
0.33	0.01	0.01	-0.01	0.01	0.35
128
-0.01	0.35
0
0.35
0
0.35
0
0.35
0
0.35
8192
0.01	0.35
0
0.35
6
0.01	0.01	0.35
705
0.01	0.01	0.01	0.01	0.36
40256
-0.01	-0.01	-0.01	-0.01	-0.01	-0.01	0.36
41292
-0.01	-0.01	-0.01	-0.01	-0.01	-0.01	0.36
37033
-0.01	-0.01	-0.01	-0.01	-0.01	-0.01	0.36
4226
-0.01	-0.01	-0.01	0.36
64
-0.01	0.36
22529
-0.01	-0.01	-0.01	-0.01	0.35
62720
0.01	0.01	0.01	0.01	0.01	0.01	0.35
0
0.35
127
0.02	0.02	0.02	0.02	0.02	0.02	0.02	0.37
0
0.37
5120
-0.01	-0.01	0.37
0
0.37
128
-0.01	0.37
0
0.37
4096
-0.01	0.37
0
0.37
0
0.37
0
0.37
0
0.37
16
-0.01	0.37
0
0.37
0
0.37
0
0.37
0
0.38
53376
-0.01	-0.01	-0.01	-0.01	0.38
36929
0.38	-0.01	-0.01	0.01	0.37
13650
-0.01	-0.01	-0.01	-0.01	-0.01	-0.01	-0.01	0.37
35440
0.37	-0.01	0.01	-0.01	0.01	-0.01	0.37
34835
0.37	-0.01	0.01	-0.01	0.01	0.37
33072
0.37	-0.01	0.01	-0.01	0.36
23081
0.01	-0.01	0.01	-0.01	0.01	0.01	-0.01	0.36
128
0.01	0.36
0
0.36
2
0.01	0.36
34
0.01	0.01	0.36
0
0.36
57344
0.01	0.01	0.01	0.36
0
0.36
0
0.36
0
0.36
0
0.36
32
0.01	0.36
32
0.01	0.36
14848
0.01	0.01	0.01	0.01	0.35
63488
0.01	0.01	0.01	0.01	0.01	0.34
52756
0.01	0.01	0.01	0.01	0.01	-0.01	-0.01	0.34
196
-0.01	-0.01	-0.01	0.34
34562
0.34	0.01	-0.01	0.01	-0.01	0.35
16384
-0.01	0.35
90
0.01	0.01	0.01	0.01	0.36
20512
-0.01	-0.01	-0.01	0.36
1024
-0.01	0.36
1024
-0.01	0.36
0
0.36
0
0.36
0
0.36
4128
0.02	0.01	0.36
0
0.37
24066
-0.01	-0.01	-0.01	-0.01	-0.01	-0.01	0.37
20559
-0.01	-0.01	-0.01	-0.01	-0.01	-0.01	-0.01	0.36
1
-0.01	0.36
32
-0.01	0.36
1027
-0.01	0.01	0.01	0.36
49536
0.01	0.01	0.01	0.01	0.36
28672
-0.01	-0.01	-0.01	0.36
4232
-0.01	-0.01	-0.01	0.36
1144
0.01	0.01	0.01	0.01	0.01	0.36
45959
0.36	0.01	-0.01	0.01	-0.01	0.01	-0.01	0.01	-0.01	0.57
65183
0.57	-0.15	-0.05	0.28	-0.25	-0.01	-0.01	-0.01	0.01	-0.01	-0.01	0.01	0.03	0.38
36676
0.38	0.21	-0.13	-0.03	-0.02	-0.01	-0.01	0.39
37432
0.39	-0.01	-0.01	0.03	-0.03	0.01	0.38
39456
0.38	0.02	-0.01	-0.01	-0.01	0.37
3
0.04	0.03	0.39
37886
0.39	-0.01	0.14	0.09	-0.02	-0.02	-0.03	-0.02	-0.01	-0.02	-0.01	0.47
37409
0.47	-0.01	-0.01	-0.01	-0.01	0.43
1031
-0.01	-0.01	-0.01	-0.01	0.42
33039
0.42	-0.01	-0.01	0.01	-0.01	-0.01	0.39
57607
0.39	-0.01	0.01	-0.01	-0.01	0.01	-0.01	0.38
61465
-0.01	-0.01	-0.01	-0.01	0.01	0.01	0.01	0.38
128
-0.01	0.38
4098
-0.01	-0.01	0.38
64
-0.01	0.38
2113
-0.01	-0.01	-0.01	0.38
61140
0.38	-0.01	0.01	-0.01	0.01	-0.01	0.01	-0.01	0.01	0.01	0.38
49152
0.01	0.01	0.38
32768
-0.01	0.38
576
-0.01	-0.01	0.38
16392
-0.01	-0.01	0.38
256
-0.01	0.38
8196
-0.01	-0.01	0.38
4096
-0.01	0.38
51452
0.38	0.02	-0.01	-0.01	0.01	-0.02	0.01	0.01	-0.01	0.38
8260
0.01	-0.01	-0.01	0.38
2064
-0.01	-0.01	0.38
0
0.38
4096
-0.01	0.38
64
-0.01	0.38
0
0.38
0
0.38
0
0.38
0
0.38
128
-0.01	0.38
3079
0.01	-0.01	-0.01	-0.01	-0.01	0.38
63576
0.38	-0.01	0.01	-0.01	0.01	-0.01	0.01	-0.01	0.38
2229
-0.01	-0.01	-0.01	-0.01	-0.01	-0.01	0.38
55464
-0.01	-0.01	-0.01	-0.01	-0.01	-0.01	-0.01	0.38
35840
-0.01	-0.01	-0.01	0.38
32854
-0.01	-0.01	-0.01	-0.01	-0.01	0.38
512
-0.01	0.38
16392
-0.01	-0.01	0.38
4480
-0.01	-0.01	-0.01	0.38
16420
-0.01	-0.01	-0.01	0.38
136
-0.01	-0.01	0.38
1266
-0.01	0.02	0.04	0.03	0.01	-0.01	0.38
0
0.38
3
0.01	0.03	0.39
41000
0.02	0.01	-0.01	-0.01	0.39
17568
-0.01	-0.01	-0.01	-0.01	0.39
56332
-0.01	-0.01	-0.01	-0.01	-0.01	0.02	0.01	0.39
0
0.39
4096
-0.01	0.39
7
0.01	0.01	0.01	0.40
4
-0.01	0.40
128
-0.01	0.40
4098
-0.01	-0.01	0.39
60176
0.01	0.01	0.01	0.01	0.01	0.01	0.01	0.39
25608
0.01	0.01	0.01	0.01	0.39
8192
0.01	0.39
8200
0.01	-0.01	0.39
32784
-0.01	-0.01	0.39
37392
-0.01	-0.01	-0.01	-0.01	0.39
9
-0.01	-0.01	0.39
256
-0.01	0.38
55394
0.01	0.01	0.01	0.01	0.01	0.01	0.01	0.39
63808
-0.01	-0.01	-0.01	-0.01	-0.01	-0.01	0.02	0.39
20480
0.01	-0.01	0.39
100
-0.01	-0.01	-0.01	0.39
7203
-0.01	-0.01	-0.01	-0.01	-0.01	-0.01	0.38
8449
0.01	0.01	0.01	0.38
8196
0.01	0.01	0.38
128
0.01	0.38
0
0.38
0
0.38
0
0.38
33331
0.38	-0.01	0.01	-0.01	0.01	-0.01	0.38
4228
-0.01	-0.01	-0.01	0.38
6208
-0.01	-0.01	-0.01	0.38
2544
-0.01	-0.01	-0.01	-0.02	-0.01	-0.01	0.37
61440
0.01	0.01	0.04	0.03	0.37
2
0.01	0.38
57345
-0.01	-0.01	0.07	-0.01	0.37
12192
0.01	0.01	0.01	0.01	0.01	0.01	0.01	0.38
33468
0.38	0.01	-0.02	0.01	0.01	-0.01	-0.01	0.37
0
0.37
0
0.37
0
0.37
50
0.01	0.01	0.01	0.37
57360
0.01	0.01	0.01	0.01	0.37
16928
0.01	0.01	0.01	0.38
43025
-0.01	-0.01	-0.01	-0.01	-0.01	0.38
6177
-0.01	-0.01	-0.01	-0.01	0.38
128
-0.01	0.38
32784
-0.01	-0.01	0.38
528
-0.01	-0.01	0.38
20488
-0.01	-0.01	-0.01	0.38
8214
0.01	0.01	0.01	0.01	0.38
2599
0.01	0.01	0.01	-0.01	0.03	0.03	0.40
1536
0.01	0.01	0.40
0
0.40
0
0.40
0
0.40
0
0.40
512
0.01	0.40
516
0.01	0.01	0.41
34505
-0.01	-0.01	-0.01	-0.01	-0.01	-0.01	-0.01	0.41
64969
0.41	-0.01	0.01	-0.01	0.01	-0.01	0.01	-0.01	-0.01	-0.01	0.01	0.38
34694
0.01	0.01	0.01	0.01	0.01	0.01	0.01	0.39
32768
-0.01	0.39
0
0.39
16
0.01	0.39
516
0.01	0.01	0.39
16956
0.01	0.01	0.01	0.01	0.01	0.01	0.40
32800
-0.01	-0.01	0.40
1280
-0.01	-0.01	0.40
32784
-0.01	-0.01	0.40
4608
-0.01	-0.01	0.40
16648
-0.01	-0.01	-0.01	0.40
256
-0.01	0.40
0
0.40
0
0.40
20480
-0.01	-0.01	0.40
0
0.40
15
-0.01	-0.01	-0.01	-0.01	0.40
96
-0.01	-0.01	0.39
57607
0.01	0.01	0.01	0.01	0.01	0.01	0.01	0.40
45072
-0.01	-0.01	-0.01	-0.01	0.40
4096
-0.01	0.40
655
0.01	-0.01	-0.01	-0.01	-0.01	-0.01	0.40
6336
0.01	0.01	0.01	0.01	0.40
896
0.01	0.01	0.01	0.40
0
0.40
33848
0.01	0.01	0.01	0.01	0.01	0.41
44708
0.41	-0.01	0.01	-0.01	0.01	-0.01	0.01	-0.01	0.40
34113
0.40	0.01	-0.01	0.01	-0.01	0.41
2048
-0.01	0.41
4104
-0.01	-0.01	0.41
32784
-0.01	-0.01	0.41
8704
-0.01	-0.01	0.41
16392
-0.01	-0.01	0.41
39672
0.41	-0.01	0.01	-0.01	0.03	-0.03	-0.02	0.01	-0.01	0.38
51499
0.38	0.01	0.01	-0.01	0.02	-0.01	0.01	-0.01	0.40
32256
0.01	0.01	0.01	0.01	0.01	0.01	0.41
65047
0.41	-0.01	0.01	-0.01	0.01	-0.01	0.01	-0.01	0.03	-0.04	0.01	0.39
41508
0.39	0.01	-0.01	0.01	0.01	0.41
0
0.41
1
0.01	0.42
1280
-0.01	-0.01	0.42
32784
-0.01	-0.01	0.41
61442
0.01	0.01	0.01	0.01	0.01	0.41
33408
0.01	0.01	0.01	0.41
44
0.01	0.01	0.01	0.42
63490
-0.01	-0.01	-0.01	-0.01	-0.01	-0.01	0.42
4
-0.01	0.42
0
0.42
512
0.01	0.42
0
0.42
543
0.01	0.01	0.02	0.02	0.01	0.01	0.43
1087
-0.01	-0.01	-0.01	-0.01	-0.01	-0.01	-0.01	0.41
63528
0.01	0.01	0.01	0.01	0.01	0.01	0.01	0.42
1693
-0.01	-0.01	-0.01	-0.01	-0.01	-0.01	-0.01	0.42
50828
0.42	-0.01	-0.01	0.01	0.01	-0.01	0.01	0.42
10496
-0.01	-0.01	-0.01	0.42
384
-0.01	-0.01	0.42
1
-0.01	0.42
288
-0.01	-0.01	0.42
0
0.44
61441
-0.03	0.05	0.04	0.01	-0.01	0.44
5171
-0.01	-0.01	-0.01	-0.01	-0.01	-0.01	0.43
63487
0.43	0.01	-0.01	0.01	-0.01	0.01	-0.01	0.01	-0.01	0.01	-0.01	0.01	-0.01	0.01	-0.01	0.43
799
0.01	0.01	-0.02	-0.02	-0.01	-0.01	-0.01	0.42
15296
0.01	-0.01	-0.01	-0.01	-0.01	-0.01	-0.01	0.42
256
0.01	0.42
0
0.42
0
0.42
0
0.42
4096
-0.01	0.42
0
0.42
0
0.42
29056
-0.01	-0.01	-0.01	0.01	0.01	0.42
24583
-0.01	-0.01	0.07	0.04	0.01	0.43
65080
0.43	0.04	-0.02	-0.04	0.01	0.02	-0.03	0.01	-0.01	0.01	0.42
0
0.42
0
0.42
43
0.01	0.01	0.01	0.01	0.42
33011
0.01	0.01	0.01	0.01	0.01	0.01	0.01	0.42
60481
0.01	0.01	0.01	0.01	0.01	0.01	0.01	0.42
9028
0.01	0.01	0.01	0.01	0.01	0.42
65023
0.42	0.01	-0.01	0.01	-0.01	0.01	-0.01	0.01	-0.01	0.01	-0.01	0.01	-0.01	0.01	-0.01	0.43
2183
-0.01	-0.01	-0.01	-0.01	-0.01	0.42
20928
0.01	0.01	0.01	0.01	0.01	0.43
5152
-0.01	-0.01	-0.01	0.42
2074
-0.01	-0.01	-0.01	0.01	0.43
58150
0.43	-0.01	0.01	-0.01	0.01	-0.01	-0.01	0.01	0.42
4096
0.01	0.42
0
0.42
93
0.01	0.01	-0.01	-0.01	-0.01	0.42
0
0.43
31
0.01	0.01	-0.01	-0.02	-0.02	0.42
590
0.01	-0.01	0.01	0.01	0.01	0.43
7683
-0.01	-0.01	-0.01	-0.01	-0.01	-0.01	0.43
36864
-0.01	-0.01	0.43
1024
-0.01	0.43
40992
-0.01	-0.01	-0.01	0.43
4
-0.01	0.43
8
-0.01	0.43
4096
-0.01	0.43
0
0.43
0
0.43
41442
0.01	0.01	-0.01	-0.01	-0.01	-0.01	-0.01	0.43
128
-0.01	0.43
38227
0.43	-0.01	0.01	0.01	-0.01	-0.01	0.03	-0.01	0.43
57760
0.43	-0.02	-0.01	0.01	-0.01	-0.01	0.39
0
0.39
0
0.39
642
-0.01	-0.01	-0.01	0.39
20480
-0.01	-0.01	0.39
4352
-0.01	-0.01	0.39
8325
-0.01	-0.01	-0.01	-0.01	0.39
144
-0.01	-0.01	0.39
12834
-0.01	-0.01	-0.01	-0.01	-0.01	0.39
20548
-0.01	-0.01	-0.01	-0.01	0.39
34945
-0.01	-0.01	-0.01	-0.01	0.39
16418
-0.01	-0.01	-0.01	0.39
36359
-0.01	-0.01	-0.01	-0.01	0.03	0.04	0.05	0.42
58384
0.01	0.01	0.01	-0.01	-0.01	0.41
54873
0.41	0.01	-0.01	0.01	-0.01	0.01	-0.01	0.01	-0.01	0.41
41552
0.01	0.01	0.01	0.01	0.01	0.41
2049
0.01	0.01	0.41
0
0.41
8256
0.01	0.01	0.41
36864
0.01	-0.01	0.41
0
0.41
0
0.41
0
0.41
0
0.41
5
0.06	-0.01	0.40
36797
0.40	0.01	0.02	-0.01	0.01	-0.01	-0.02	-0.01	0.06	0.05	-0.01	0.48
50317
0.48	-0.02	-0.01	-0.01	-0.01	0.01	-0.01	0.43
33152
0.43	-0.02	0.01	0.41
55840
0.01	0.01	0.01	0.01	0.01	0.01	0.41
128
-0.01	0.40
59936
0.01	0.01	0.01	0.01	0.01	0.01	0.40
0
0.40
0
0.40
4128
-0.01	-0.01	0.40
4097
-0.01	-0.01	0.40
32784
-0.01	-0.01	0.40
2560
-0.01	-0.01	0.39
5456
0.01	0.01	0.01	0.01	0.01	0.39
512
0.01	0.39
0
0.39
0
0.39
2
-0.01	0.39
32
-0.01	0.39
2052
-0.01	-0.01	0.39
4128
-0.01	-0.01	0.39
1024
-0.01	0.39
32784
-0.01	-0.01	0.39
36192
0.39	-0.01	0.01	-0.01	0.03	-0.01	0.41
59392
-0.02	-0.02	-0.01	0.01	0.42
62720
-0.01	-0.01	-0.01	-0.01	-0.01	-0.01	0.42
8192
-0.01	0.42
512
-0.01	0.42
35
0.01	-0.01	-0.01	0.42
16384
0.01	0.42
59136
0.01	0.01	0.01	0.01	0.01	0.01	0.42
0
0.42
4
0.01	0.42
1098
0.01	0.01	0.01	0.01	0.42
2288
0.01	0.01	0.01	0.01	0.01	0.43
54280
-0.01	-0.01	-0.01	-0.01	-0.01	0.43
16384
-0.01	0.42
65326
0.42	-0.01	0.01	0.01	0.01	-0.01	-0.01	-0.01	0.01	0.01	-0.01	0.01	0.43
128
-0.01	0.43
0
0.43
0
0.43
6145
-0.01	-0.01	-0.01	0.43
32
-0.01	0.43
1024
-0.01	0.43
0
0.43
16496
-0.01	0.01	0.01	0.01	0.43
49033
0.43	0.01	-0.01	0.01	-0.01	0.01	-0.01	0.01	-0.01	0.01	0.44
35088
-0.01	-0.01	-0.01	-0.01	0.44
10240
-0.01	-0.01	0.44
32768
-0.01	0.44
4192
-0.01	-0.01	-0.01	0.44
42
0.01	0.01	0.01	0.45
22865
-0.01	-0.01	-0.01	-0.01	-0.01	-0.01	-0.01	0.45
8352
-0.01	-0.01	-0.01	0.45
1024
-0.01	0.45
53248
-0.01	-0.01	-0.01	0.45
0
0.45
0
0.45
0
0.45
0
0.45
4160
-0.01	-0.01	0.45
47
-0.01	-0.01	-0.02	-0.02	-0.02	0.44
51141
0.44	-0.01	-0.01	0.01	-0.01	0.01	-0.01	0.02	0.01	0.44
59512
0.44	0.04	-0.02	-0.01	0.12	0.17	-0.40	-0.06	0.28
768
0.01	0.01	0.28
0
0.28
2
0.01	0.28
17
0.01	-0.01	0.27
769
0.01	0.01	0.01	0.28
7
0.01	0.01	0.01	0.30
61440
-0.01	-0.01	-0.01	-0.01	0.31
59392
-0.01	-0.01	-0.01	-0.01	0.31
0
0.31
1
0.01	0.32
34816
-0.01	-0.01	0.33
64513
-0.01	-0.01	-0.01	-0.01	-0.01	-0.01	-0.01	0.33
256
-0.01	0.34
40962
-0.01	-0.01	0.01	0.35
18048
-0.01	-0.01	-0.01	-0.01	0.35
512
-0.01	0.35
0
0.35
0
0.35
791
0.01	0.01	0.01	0.01	0.01	0.01	0.36
15616
-0.01	-0.01	-0.01	-0.01	-0.01	0.36
65522
0.36	-0.01	0.01	-0.01	0.01	-0.01	0.01	-0.01	0.01	-0.01	0.01	-0.01	0.01	0.36
6656
-0.01	-0.01	-0.01	0.39
64512
-0.03	-0.03	-0.03	-0.03	-0.03	-0.01	0.39
51747
0.39	0.01	0.01	0.01	-0.01	-0.01	0.01	0.41
34
0.01	0.01	0.42
512
-0.01	0.42
7182
-0.01	-0.01	-0.01	-0.01	-0.01	-0.01	0.41
8251
0.01	0.01	0.01	0.01	0.01	0.01	0.42
46418
0.42	-0.01	0.01	-0.01	-0.03	0.01	0.02	0.01	0.42
20527
0.01	0.01	-0.01	-0.01	-0.01	-0.01	-0.01	0.41
11216
0.01	0.01	0.01	0.01	0.01	0.01	0.01	0.41
0
0.41
8710
0.01	0.01	0.01	0.01	0.41
42114
0.01	0.01	0.01	0.01	0.01	0.41
0
0.41
33810
0.41	0.01	-0.01	0.01	0.42
38932
-0.01	-0.01	-0.01	-0.01	-0.01	0.42
20520
-0.01	-0.01	-0.01	-0.01	0.42
4
-0.01	0.41
41504
0.01	0.01	0.01	0.01	0.41
0
0.41
0
0.41
0
0.41
0
0.41
4096
-0.01	0.41
0
0.41
4096
-0.01	0.41
648
-0.01	-0.01	-0.01	0.41
16384
-0.01	0.41
0
0.41
5
-0.01	-0.01	0.41
20650
-0.01	-0.01	-0.01	-0.01	-0.01	-0.01	0.41
5120
-0.01	-0.01	0.41
2080
-0.01	-0.01	0.41
6145
-0.01	-0.01	-0.01	0.40
49472
0.01	0.01	0.01	0.01	0.40
8192
0.01	0.40
0
0.40
34260
0.40	0.01	0.07	-0.04	-0.06	0.02	-0.01	0.40
49270
-0.01	-0.01	0.01	0.01	0.01	0.01	0.01	0.40
49135
0.40	0.01	-0.01	0.01	-0.01	0.01	-0.01	0.01	-0.01	0.01	-0.01	0.01	-0.01	0.01	0.40
32800
0.01	0.01	0.40
4182
0.01	0.01	0.01	0.01	0.01	0.41
65348
0.41	-0.01	0.01	-0.01	0.01	-0.01	0.01	-0.01	-0.01	-0.01	0.38
64112
0.38	0.01	-0.01	0.01	0.01	-0.01	-0.01	0.01	-0.01	0.38
51257
0.38	0.02	-0.01	0.01	-0.01	0.01	-0.01	0.40
7168
-0.01	-0.01	-0.01	0.39
65024
0.02	0.02	0.02	0.02	0.02	0.01	0.01	0.39
35828
0.39	-0.01	0.02	0.04	0.03	0.01	-0.04	-0.02	-0.01	0.41
25159
-0.01	-0.01	0.01	-0.01	0.01	0.01	0.01	0.42
136
-0.01	-0.01	0.42
0
0.42
47122
0.42	-0.01	0.01	-0.01	-0.01	0.02	0.42
46628
0.42	0.01	-0.01	0.01	-0.01	0.01	0.01	0.43
57344
0.01	0.01	0.01	0.43
0
0.43
4096
-0.01	0.43
0
0.43
1024
-0.01	0.43
32768
-0.01	0.43
0
0.43
4104
-0.01	-0.01	0.43
16672
-0.01	-0.01	-0.01	0.43
0
0.43
0
0.43
0
0.43
4160
-0.01	-0.01	0.43
2053
-0.01	-0.01	-0.01	0.43
1116
-0.01	-0.01	-0.01	-0.01	-0.01	0.42
95
0.01	0.01	0.01	0.01	0.01	0.01	0.43
0
0.43
4097
-0.01	-0.01	0.43
16384
-0.01	0.43
66
-0.01	-0.01	0.43
59
0.01	0.01	0.01	0.01	0.01	0.43
8
-0.01	0.43
4096
-0.01	0.43
0
0.43
42
0.01	0.01	0.01	0.43
41218
0.01	0.01	0.01	0.01	0.43
47620
0.01	0.01	0.01	0.01	0.01	0.01	0.43
0
0.43
0
0.43
0
0.43
32768
-0.01	0.43
32
0.01	0.43
4096
-0.01	0.43
0
0.43
1024
0.01	0.43
4096
-0.01	0.43
0
0.43
5120
-0.01	-0.01	0.43
2
-0.01	0.43
0
0.43
0
0.43
512
-0.01	0.43
12327
-0.01	-0.01	-0.01	-0.02	-0.01	-0.01	0.43
168
-0.01	-0.01	-0.01	0.43
5122
-0.01	-0.01	-0.01	0.43
32848
-0.01	-0.01	-0.01	0.43
2081
-0.01	-0.01	-0.01	0.43
4128
-0.01	-0.01	0.43
17664
-0.01	-0.01	-0.01	0.43
34909
-0.01	-0.01	-0.01	-0.01	-0.01	-0.01	-0.01	0.42
46082
0.01	0.01	0.01	0.01	0.01	0.42
546
0.01	0.01	0.01	0.43
62784
-0.01	-0.01	-0.01	-0.01	-0.01	-0.01	-0.01	0.42
33313
0.01	0.01	0.01	0.01	0.42
2050
0.01	0.01	0.42
32768
0.01	0.42
0
0.42
0
0.42
8
-0.01	0.42
0
0.42
16384
-0.01	0.42
0
0.42
4096
-0.01	0.42
0
0.42
5
-0.01	-0.01	0.42
160
-0.01	-0.01	0.42
5122
-0.01	-0.01	-0.01	0.42
37200
-0.01	-0.01	-0.01	-0.01	-0.01	0.42
35665
-0.01	-0.01	-0.01	-0.01	-0.01	-0.01	-0.01	0.42
16385
-0.01	-0.01	0.42
1163
-0.01	-0.01	-0.01	-0.01	-0.01	0.41
705
0.01	0.01	0.01	0.01	0.42
12357
-0.01	-0.01	-0.01	-0.01	-0.01	0.42
64505
0.42	-0.01	0.01	-0.01	0.01	-0.01	0.01	-0.01	0.01	-0.01	0.01	-0.01	0.01	0.42
53236
0.42	-0.01	0.01	-0.01	0.01	-0.01	0.01	-0.01	0.01	-0.01	0.01	0.41
48
0.01	0.01	0.41
512
0.01	0.41
256
0.01	0.41
512
0.01	0.41
8
0.01	0.41
2305
0.01	0.01	0.01	0.41
2
0.01	0.41
0
0.41
0
0.41
0
0.41
0
0.41
129
-0.01	-0.01	0.41
3
-0.01	-0.01	0.41
49316
0.41	-0.01	0.01	0.01	-0.01	0.42
34901
-0.01	-0.01	-0.01	-0.01	-0.01	-0.01	0.41
24580
0.01	0.01	0.01	0.41
0
0.41
8192
0.01	0.41
32
-0.01	0.41
0
0.41
0
0.41
0
0.41
0
0.40
56832
0.01	0.01	0.01	0.01	0.01	0.01	0.40
46194
0.40	0.01	-0.01	-0.01	0.01	0.01	-0.01	0.01	0.41
53056
0.41	0.01	-0.01	-0.01	-0.01	0.01	-0.01	0.40
43794
0.40	-0.01	-0.01	-0.01	0.01	0.01	0.01	0.40
63360
0.40	-0.02	0.01	-0.01	-0.01	0.02	0.01	0.01	0.41
31
-0.01	-0.01	-0.02	-0.02	-0.03	0.38
43
0.01	0.01	0.01	0.01	0.39
2722
-0.01	-0.01	-0.01	-0.01	-0.01	0.39
63888
0.39	-0.01	0.01	-0.01	0.01	-0.01	0.01	-0.01	0.39
47880
-0.01	-0.01	-0.01	-0.01	-0.01	-0.01	-0.01	0.39
0
0.39
1559
0.01	0.01	0.01	0.01	0.01	0.01	0.41
1
0.01	0.42
32771
-0.01	0.01	0.01	0.43
15009
-0.01	-0.01	-0.01	-0.01	-0.01	-0.01	-0.01	0.43
17408
-0.01	-0.01	0.43
0
0.43
8704
0.01	0.01	0.43
0
0.43
4128
-0.01	-0.01	0.43
0
0.43
20
-0.01	-0.01	0.43
128
-0.01	0.43
0
0.43
12359
-0.01	-0.01	-0.01	0.01	0.02	0.01	0.43
33803
0.43	0.01	0.01	0.01	-0.01	0.46
47024
0.46	-0.01	-0.01	-0.03	0.01	0.02	-0.02	0.01	0.01	0.45
0
0.45
0
0.45
0
0.45
1009
0.01	0.01	0.01	0.01	0.01	0.01	0.01	0.46
0
0.46
0
0.46
0
0.46
4098
-0.01	-0.01	0.46
32776
-0.01	-0.01	0.46
0
0.46
0
0.46
0
0.46
37376
-0.01	-0.01	-0.01	0.46
256
-0.01	0.46
16394
-0.01	-0.01	-0.01	0.46
274
-0.01	-0.01	-0.01	0.46
64
-0.01	0.46
0
0.46
4
-0.01	0.46
0
0.46
0
0.46
512
0.01	0.46
1024
-0.01	0.46
0
0.46
1
-0.02	0.45
60609
0.45	0.01	-0.01	0.02	-0.03	0.01	0.01	0.01	0.47
18432
0.01	0.01	0.47
6791
-0.01	-0.01	-0.01	-0.01	-0.01	-0.02	-0.03	0.44
8620
-0.01	-0.01	-0.01	-0.01	-0.01	-0.01	0.44
33153
0.44	0.01	0.01	-0.01	0.46
32864
-0.01	-0.01	-0.01	0.46
35827
0.46	-0.01	0.01	-0.01	0.01	-0.01	0.01	-0.01	0.01	-0.01	0.46
39905
0.46	-0.01	0.01	-0.01	0.01	-0.01	0.01	-0.01	0.01	0.45
0
0.45
239
0.01	0.01	0.01	0.01	0.01	0.01	0.01	0.46
32768
-0.01	0.46
16384
-0.01	0.46
4096
-0.01	0.46
10501
-0.01	-0.01	-0.01	-0.01	-0.01	0.46
16554
-0.01	-0.01	-0.01	-0.01	-0.01	0.46
4353
-0.01	-0.01	-0.01	0.46
107
-0.01	-0.01	-0.01	-0.01	-0.01	0.45
16426
0.01	0.01	0.01	0.01	0.45
33042
0.01	0.01	0.01	0.01	0.45
10278
0.01	0.01	0.01	0.01	0.01	0.45
0
0.45
8194
0.01	0.01	0.45
0
0.45
0
0.45
0
0.45
0
0.45
0
0.45
32768
-0.01	0.45
0
0.45
0
0.45
64
-0.01	0.45
0
0.45
4096
-0.01	0.45
0
0.45
0
0.45
4
-0.01	0.45
16512
-0.01	-0.01	0.45
4128
-0.01	-0.01	0.45
64
-0.01	0.45
2083
-0.01	-0.01	-0.01	-0.01	0.45
10324
-0.01	-0.01	-0.01	-0.01	-0.01	0.45
1546
-0.01	-0.01	-0.01	-0.01	0.45
45076
-0.01	-0.01	-0.01	-0.01	-0.01	0.45
17024
-0.01	-0.01	-0.01	0.45
21578
-0.01	-0.01	-0.01	-0.01	-0.01	-0.01	0.45
41296
-0.01	-0.01	-0.01	-0.01	-0.01	0.45
16391
-0.01	-0.01	-0.01	-0.01	0.44
55290
0.44	0.01	-0.01	0.01	-0.01	0.01	-0.01	0.01	-0.01	0.01	-0.01	0.01	0.45
5447
-0.01	-0.01	-0.01	-0.01	-0.01	-0.01	-0.01	0.44
512
0.01	0.44
40
0.01	0.01	0.44
256
0.01	0.44
2
0.01	0.44
0
0.44
1026
0.01	0.01	0.44
2658
0.01	0.01	0.01	0.01	0.01	0.44
3
0.01	0.01	0.44
554
0.01	0.01	0.01	0.01	0.44
1799
0.01	0.01	0.01	0.01	0.01	0.01	0.44
57864
0.01	0.01	0.01	0.01	0.01	0.44
16938
0.01	0.01	0.01	0.01	0.01	0.44
25256
0.01	0.01	0.01	0.01	0.01	0.01	0.44
8658
0.01	0.01	0.01	0.01	0.01	0.01	0.44
2
0.01	0.44
20801
0.01	0.01	0.01	0.01	0.01	0.45
36368
-0.01	-0.01	-0.01	-0.01	-0.01	0.45
20489
-0.01	-0.01	-0.01	-0.01	0.44
59393
0.01	0.01	0.01	0.01	0.01	0.45
43205
-0.01	-0.01	-0.01	-0.01	-0.01	-0.01	-0.01	0.45
16775
-0.01	-0.01	-0.01	-0.01	-0.01	-0.01	0.44
60891
0.44	0.01	-0.01	0.01	-0.01	0.01	-0.01	0.01	-0.01	0.01	-0.01	0.01	0.45
38996
-0.01	-0.01	-0.01	-0.01	-0.01	-0.01	0.45
6665
-0.01	-0.01	-0.01	-0.01	-0.01	0.45
5184
-0.01	-0.01	-0.01	0.45
0
0.45
32896
-0.01	-0.01	0.45
1
-0.01	0.45
4106
-0.01	-0.01	-0.01	0.45
2
-0.01	0.45
0
0.45
128
-0.01	0.45
0
0.45
4096
-0.01	0.45
512
-0.01	0.45
0
0.45
0
0.45
128
-0.01	0.45
4096
-0.01	0.45
0
0.45
0
0.45
0
0.45
0
0.45
4096
-0.01	0.45
0
0.45
0
0.45
0
0.45
8194
0.01	0.01	0.45
0
0.45
0
0.45
0
0.45
34
0.01	0.01	0.45
32802
0.01	0.01	0.01	0.45
9730
0.01	0.01	0.01	0.01	0.45
19472
0.01	0.01	0.01	0.01	0.45
14082
0.01	0.01	0.01	0.01	0.01	0.01	0.46
39937
-0.01	-0.01	-0.01	-0.01	-0.01	0.46
4097
-0.01	-0.01	0.46
5392
-0.01	-0.01	-0.01	-0.01	0.46
32853
-0.01	-0.01	-0.01	-0.01	-0.01	0.46
512
-0.01	0.46
17408
-0.01	-0.01	0.46
64
-0.01	0.46
12288
-0.01	-0.01	0.46
128
-0.01	0.46
0
0.46
0
0.46
2
-0.01	0.46
32768
-0.01	0.46
61487
0.46	-0.01	-0.01	0.01	-0.01	-0.01	-0.01	0.01	0.01	0.42
65410
0.42	0.01	0.01	-0.01	-0.01	-0.01	0.01	0.02	0.01	0.01	0.46
512
-0.01	0.46
0
0.46
514
0.01	0.01	0.46
35498
0.01	0.01	0.01	0.01	0.01	0.01	0.01	0.47
4096
-0.01	0.47
0
0.47
0
0.47
4096
-0.01	0.47
0
0.47
32768
-0.01	0.47
0
0.47
0
0.47
4104
-0.01	-0.01	0.47
0
0.47
32
0.01	0.47
10754
0.01	0.01	0.01	0.01	0.47
35601
0.01	0.01	0.01	0.01	0.01	0.01	0.48
63584
-0.01	-0.01	-0.01	-0.01	-0.01	-0.01	-0.01	0.48
257
-0.01	-0.01	0.48
40
-0.01	-0.01	0.48
1280
-0.01	-0.01	0.48
16
-0.01	0.48
39807
0.48	-0.01	0.01	-0.01	0.01	-0.01	-0.02	0.04	0.17	-0.18	-0.01	-0.01	0.47
128
-0.01	0.47
138
0.01	0.01	0.01	0.47
32954
0.01	0.01	0.01	0.01	0.01	0.01	0.48
30882
-0.01	-0.01	-0.01	-0.01	-0.01	-0.01	-0.01	0.48
15234
-0.01	-0.01	-0.01	-0.01	-0.01	-0.01	-0.01	0.48
43072
-0.01	-0.01	-0.01	-0.01	0.48
2184
-0.01	-0.01	-0.01	0.48
58588
0.48	-0.01	-0.01	-0.01	-0.01	-0.01	0.03	0.01	-0.03	0.43
58048
0.01	0.01	0.01	0.01	0.01	0.01	0.46
62112
-0.03	-0.03	-0.03	-0.02	0.01	0.01	0.01	0.47
35336
-0.01	-0.01	-0.01	-0.01	0.47
57942
0.47	-0.01	0.01	-0.01	0.01	-0.01	-0.01	0.01	0.46
52736
-0.01	-0.01	0.01	0.01	0.01	0.46
63
0.01	0.02	0.02	0.01	0.01	0.01	0.48
4183
-0.01	0.01	0.01	0.01	0.01	0.01	0.49
4096
-0.01	0.49
47
0.01	0.01	0.01	0.01	0.01	0.51
2048
-0.01	0.51
34032
0.51	0.01	0.01	0.01	-0.01	0.01	0.54
24663
0.01	0.01	0.01	0.01	0.01	0.01	0.01	0.55
34585
0.55	0.01	-0.01	0.01	-0.01	0.01	-0.01	0.56
191
0.01	0.01	0.01	0.01	0.01	0.01	0.01	0.57
27137
-0.01	0.01	0.01	0.01	0.01	0.58
41008
-0.01	-0.01	0.01	0.01	0.60
61578
-0.02	-0.01	-0.01	-0.01	-0.01	-0.01	-0.01	0.60
1056
0.01	0.01	0.60
4609
-0.01	0.01	0.01	0.61
3458
-0.01	-0.01	-0.01	-0.01	0.01	0.61
58896
0.61	0.01	-0.01	0.01	0.01	0.01	0.64
33080
0.64	0.01	0.01	0.01	0.01	0.68
41120
0.68	0.01	0.01	0.01	0.72
32799
-0.01	0.01	0.02	0.03	0.04	0.04	0.76
15872
-0.01	-0.01	-0.01	-0.01	-0.02	0.76
17392
-0.01	0.01	0.01	0.01	0.01	0.01	0.01	0.76
47125
0.76	-0.01	0.01	0.01	0.01	0.01	0.01	0.80
37303
0.80	0.01	0.01	0.01	0.01	0.02	0.01	0.01	0.01	0.89
41509
0.89	0.01	0.01	0.01	0.01	0.01	0.94
64791
0.94	-0.01	-0.02	-0.04	0.07	0.01	0.05	0.02	-0.01	0.02	0.01	1.06
65446
1.06	-0.03	0.06	0.03	0.01	-0.01	-0.01	0.01	-0.03	0.01	-0.01	0.01	1.11
48991
1.11	0.01	-0.01	-0.01	-0.02	-0.03	0.04	-0.01	0.03	-0.01	-0.02	-0.04	-0.03	1.07
61231
1.07	0.01	0.02	-0.04	0.11	0.01	0.01	-0.01	0.01	0.01	-0.01	-0.02	1.17
43071
1.17	-0.02	0.01	-0.01	0.01	-0.01	0.01	0.01	0.01	1.18
57532
1.18	0.01	0.01	0.01	0.01	-0.01	0.01	0.01	1.24
44927
1.24	0.01	0.02	0.01	0.01	0.01	-0.04	0.01	0.01	0.01	0.03	0.03	-0.03	1.35
63663
1.35	0.05	0.03	-0.02	0.02	-0.01	-0.01	-0.01	0.02	0.02	0.01	1.46
53052
1.46	0.01	-0.01	-0.01	-0.01	-0.01	0.02	0.04	0.01	0.02	1.51
65524
1.51	-0.01	-0.01	-0.01	-0.01	-0.01	0.01	0.01	0.01	0.01	0.01	0.01	0.01	1.52
62271
1.52	-0.01	-0.01	-0.01	0.01	0.01	0.01	-0.02	-0.01	-0.01	-0.01	-0.01	1.46
65427
1.46	-0.01	0.04	0.01	0.20	-0.07	0.10	0.08	0.02	-0.02	-0.01	-0.02	1.76
63352
1.76	-0.02	-0.02	-0.04	-0.01	0.01	-0.02	-0.01	-0.01	-0.01	-0.01	1.62
36094
1.62	-0.01	0.01	0.01	0.02	0.02	0.01	0.02	0.03	0.02	1.77
45047
1.77	0.01	0.01	0.01	-0.01	-0.02	-0.01	-0.02	-0.01	-0.01	-0.02	-0.02	0.06	1.78
65467
1.78	0.01	0.02	0.02	0.06	0.05	-0.02	-0.03	0.08	-0.02	-0.01	-0.01	0.01	0.01	1.94
64475
1.94	-0.01	-0.01	-0.01	-0.01	-0.01	-0.01	0.02	0.02	-0.01	0.01	0.01	0.01	1.94
45759
1.94	-0.01	-0.02	-0.02	-0.01	-0.01	0.01	-0.01	0.01	0.01	0.01	1.91
53311
1.91	0.01	-0.01	0.01	0.01	0.04	0.06	0.03	0.03	2.10
36351
2.10	-0.01	-0.01	0.01	0.03	0.04	0.04	0.02	0.01	0.01	-0.01	-0.01	2.21
65253
2.21	-0.01	-0.03	-0.02	-0.02	-0.01	-0.01	0.02	0.03	0.02	-0.02	-0.02	2.13
47301
2.13	-0.01	-0.01	-0.01	-0.01	0.01	-0.01	-0.01	2.08
53067
2.08	-0.01	0.02	0.01	0.01	0.01	0.01	-0.01	-0.02	0.01	2.10
51564
2.10	0.01	0.01	-0.01	-0.01	0.01	0.01	0.01	2.13
39933
2.13	-0.01	-0.01	0.01	0.01	0.02	0.01	0.01	0.01	-0.01	-0.01	-0.01	2.15
57132
2.15	0.01	0.02	0.01	0.03	0.02	0.02	-0.01	-0.01	0.01	2.24
58698
2.24	-0.01	-0.01	-0.01	0.02	0.01	-0.01	-0.02	2.20
53507
2.20	0.01	-0.01	-0.01	0.01	0.04	2.27
63414
2.27	0.04	0.03	0.03	-0.01	-0.02	-0.01	-0.02	-0.01	-0.02	-0.01	-0.01	2.26
58946
2.26	-0.01	0.01	0.01	0.01	0.01	-0.01	2.27
50039
2.27	-0.01	-0.01	-0.01	-0.01	-0.01	0.01	0.01	0.02	0.01	2.27
59367
2.27	-0.01	-0.01	-0.01	0.01	0.02	0.04	0.03	0.03	-0.01	-0.01	0.02	2.39
63435
2.39	0.01	0.01	-0.01	-0.01	-0.02	-0.02	-0.02	-0.01	-0.01	-0.01	-0.01	2.28
64051
2.28	-0.01	-0.01	-0.01	0.01	0.02	0.01	0.01	-0.01	0.01	2.30
64447
2.30	-0.01	-0.04	-0.01	0.02	0.02	0.08	0.06	-0.01	0.04	-0.05	0.02	0.04	0.06	2.62
65535
2.62	0.08	0.01	0.05	0.02	-0.06	-0.03	-0.04	-0.04	-0.01	-0.02	-0.02	-0.02	-0.02	-0.02	-0.01	2.48
65211
2.48	-0.01	-0.02	-0.01	-0.01	-0.01	-0.02	-0.01	-0.01	-0.01	-0.01	-0.01	-0.01	2.33
59907
0.02	0.01	0.02	0.01	0.01	-0.01	-0.01	2.31
31
-0.02	0.01	0.01	0.02	0.02	2.33
65346
2.33	0.01	-0.01	0.01	0.01	-0.01	-0.01	0.01	0.01	-0.02	2.33
50110
2.33	-0.01	0.01	0.01	0.01	-0.01	-0.01	-0.01	-0.01	0.01	2.32
33532
2.32	-0.01	-0.01	-0.04	-0.05	-0.01	0.05	0.01	2.27
50341
2.27	-0.01	-0.01	0.01	0.01	-0.01	-0.01	2.24
43240
2.24	-0.01	0.01	-0.01	0.01	-0.01	-0.01	2.22
40771
2.22	-0.01	0.01	-0.01	0.01	-0.01	-0.01	0.01	-0.01	2.21
52518
2.21	-0.01	-0.01	-0.01	-0.01	0.01	-0.02	-0.01	2.14
1925
0.01	0.01	0.01	0.01	-0.01	-0.01	2.12
57359
0.01	0.01	0.01	-0.01	-0.01	-0.02	-0.02	2.09
40018
2.09	-0.01	-0.01	0.01	-0.01	-0.01	-0.01	2.05
50964
2.05	0.01	0.01	0.01	-0.01	-0.01	-0.01	2.05
39572
2.05	0.01	-0.01	-0.01	-0.01	-0.01	-0.01	2.00
63752
0.01	0.01	0.01	0.01	0.01	-0.01	-0.01	1.99
40164
1.99	-0.02	0.01	-0.01	-0.01	0.02	-0.01	-0.01	1.96
10271
-0.01	0.01	-0.01	-0.02	-0.02	-0.02	-0.02	1.94
515
0.01	-0.01	-0.01	1.92
46952
1.92	-0.01	-0.01	-0.01	0.01	-0.01	-0.01	0.01	-0.01	1.87
32783
0.01	0.03	0.05	0.04	-0.01	1.91
49151
1.91	0.03	-0.06	0.06	0.07	0.04	-0.03	0.08	0.04	-0.05	0.05	0.04	0.02	0.02	0.02	2.26
65534
2.26	0.01	0.01	0.02	0.02	0.03	0.02	0.03	0.02	0.02	0.03	0.05	0.05	0.05	0.04	2.64
65531
2.64	-0.01	-0.03	-0.02	-0.03	-0.04	-0.02	-0.06	-0.03	-0.12	0.08	-0.03	0.01	-0.01	-0.02	2.31
64495
2.31	-0.05	-0.03	0.08	0.01	-0.01	-0.02	-0.02	-0.01	0.02	-0.01	-0.01	-0.01	0.01	2.27
51955
2.27	0.01	-0.01	-0.01	0.01	0.02	0.01	-0.01	-0.01	0.37	2.56
56831
2.56	-0.22	-0.06	-0.01	0.02	0.01	-0.03	0.07	0.03	0.02	-0.03	-0.02	0.04	0.04	2.42
43958
2.42	-0.02	-0.01	-0.01	-0.01	-0.01	0.01	0.01	0.01	-0.01	2.37
51589
2.37	-0.01	-0.01	0.01	0.01	-0.01	-0.01	2.34
40817
2.34	0.02	0.03	0.03	0.01	0.01	-0.01	-0.01	-0.02	-0.01	2.40
41341
2.40	0.01	-0.01	-0.01	0.01	-0.01	0.01	-0.01	-0.01	2.38
37882
2.38	-0.01	0.01	-0.01	0.01	-0.01	0.01	-0.01	-0.01	-0.01	2.36
65517
2.36	0.01	0.01	-0.01	-0.01	0.04	-0.01	0.03	0.01	0.04	0.02	0.01	0.02	-0.03	2.52
64373
2.52	-0.01	-0.02	0.02	0.01	-0.02	-0.01	-0.02	-0.02	-0.02	0.01	-0.01	2.44
57200
2.44	-0.01	-0.01	0.01	-0.01	0.01	-0.02	-0.01	0.02	-0.02	2.39
43370
2.39	-0.01	-0.02	0.01	0.02	-0.01	0.01	0.01	2.39
56364
2.39	-0.01	-0.02	0.01	-0.01	-0.01	0.01	-0.02	2.33
37130
2.33	-0.01	-0.01	-0.01	-0.01	2.28
60496
2.28	0.01	-0.01	0.01	0.01	-0.01	-0.01	2.28
5383
-0.01	-0.01	-0.01	-0.01	-0.02	-0.03	2.26
34056
-0.01	0.01	0.01	-0.01	2.27
47393
2.27	-0.01	-0.02	0.01	-0.01	0.01	0.01	2.27
41853
2.27	0.01	-0.02	-0.01	-0.02	0.01	-0.01	0.02	-0.01	-0.01	2.23
42390
2.23	-0.01	0.01	0.01	0.01	-0.01	-0.01	-0.01	2.23
49833
2.23	-0.01	-0.01	-0.01	-0.01	-0.01	-0.01	2.17
63456
2.17	-0.01	0.01	-0.01	-0.01	0.01	-0.01	0.01	-0.02	0.01	2.15
39518
2.15	-0.01	0.01	-0.01	-0.01	0.01	0.01	0.01	0.01	2.17
60034
2.17	0.01	-0.01	-0.01	-0.01	-0.01	0.01	2.14
38727
2.14	-0.01	-0.01	0.01	-0.01	-0.01	0.01	0.02	0.01	2.18
49679
-0.02	-0.01	0.01	0.01	0.01	0.03	0.04	2.22
48759
2.22	-0.01	-0.01	-0.02	-0.01	-0.01	0.01	0.01	0.01	0.01	0.01	-0.02	2.18
37499
2.18	-0.02	-0.01	0.01	-0.02	-0.01	-0.01	-0.01	0.01	2.11
45192
2.11	-0.01	0.01	-0.01	-0.01	2.09
50647
2.09	-0.01	-0.01	-0.01	0.01	-0.01	-0.01	-0.01	0.01	-0.01	2.05
33349
2.05	-0.01	-0.01	-0.01	-0.01	2.00
53255
0.01	0.01	0.01	0.01	0.01	0.01	2.01
39231
2.01	-0.02	0.01	-0.02	-0.02	0.01	0.02	0.02	0.03	0.02	2.07
64511
2.07	0.03	0.01	0.02	0.02	0.01	0.01	0.01	0.01	0.01	-0.01	0.01	-0.01	-0.01	-0.01	2.16
63145
2.16	-0.02	-0.01	-0.01	-0.02	-0.01	-0.01	-0.01	-0.01	-0.01	2.05
46522
2.05	-0.01	0.01	0.01	0.01	0.01	-0.01	0.01	-0.01	-0.02	2.05
20513
-0.01	-0.01	0.01	0.11	2.25
65535
2.25	0.07	0.13	0.10	0.10	0.09	0.05	0.03	-0.02	-0.04	-0.04	-0.05	-0.04	-0.04	-0.03	-0.04	2.48
65415
2.48	-0.03	-0.02	-0.04	-0.01	-0.02	-0.02	-0.01	-0.01	-0.01	-0.01	-0.01	2.29
53787
2.29	-0.01	-0.02	0.01	-0.01	-0.01	-0.01	-0.01	2.23
55246
2.23	-0.01	-0.01	0.02	0.02	0.01	0.01	0.01	-0.01	-0.01	-0.01	2.24
44411
2.24	-0.01	-0.01	-0.01	-0.01	-0.01	0.01	-0.02	-0.02	0.01	-0.01	2.15
65527
2.15	-0.01	0.03	0.06	0.08	0.06	0.06	0.06	0.06	0.06	0.03	0.02	-0.01	-0.03	-0.03	2.58
63999
2.58	0.02	0.06	0.05	0.02	-0.03	-0.04	-0.05	-0.06	0.01	-0.01	0.01	0.04	0.04	2.72
65487
2.72	0.08	0.10	0.08	0.09	0.03	0.02	0.01	0.02	-0.01	0.03	0.08	0.06	0.04	3.37
61183
3.37	0.01	-0.02	0.03	0.05	0.02	-0.03	-0.03	-0.05	-0.05	-0.01	-0.02	0.01	-0.02	3.24
65239
3.24	-0.04	-0.04	-0.06	0.01	-0.03	-0.04	-0.02	0.01	0.01	0.01	-0.01	-0.01	3.02
62023
3.02	-0.02	-0.02	-0.02	-0.02	-0.01	-0.01	0.01	-0.01	2.90
38527
2.90	0.01	0.01	0.01	-0.01	-0.02	-0.01	0.01	-0.02	-0.01	-0.02	2.85
43517
2.85	0.01	-0.01	0.01	0.01	0.04	0.02	0.04	0.02	0.01	-0.02	2.96
39391
2.96	-0.01	-0.02	0.01	0.02	0.02	0.01	0.01	0.01	0.01	0.01	3.04
63993
3.04	0.03	0.02	0.01	-0.02	-0.01	-0.01	-0.04	-0.01	0.01	-0.01	-0.01	2.99
48383
2.99	-0.01	-0.04	-0.01	0.01	-0.01	-0.03	0.04	0.03	0.08	0.04	0.03	0.02	3.16
48871
3.16	0.01	0.02	0.01	0.02	0.01	-0.01	-0.03	-0.03	0.03	0.04	0.03	3.28
65522
3.28	0.01	0.01	-0.02	-0.03	-0.03	-0.02	-0.02	-0.02	-0.01	-0.01	-0.01	-0.01	3.11
60782
3.11	-0.01	0.01	0.01	-0.01	-0.02	-0.01	0.02	0.02	-0.01	0.01	3.12
65115
3.12	-0.01	-0.01	-0.01	-0.01	-0.01	-0.01	0.01	0.01	0.01	-0.01	0.01	3.09
48633
3.09	0.01	-0.02	0.01	-0.01	-0.01	-0.01	-0.01	-0.01	-0.01	-0.01	-0.01	3.01
57108
3.01	-0.01	-0.01	0.01	-0.01	0.01	-0.01	-0.01	-0.01	2.96
41484
2.96	-0.01	-0.01	-0.01	-0.01	2.91
37630
2.91	-0.01	0.01	0.01	0.03	0.02	0.02	0.02	0.01	0.01	3.03
65374
3.03	-0.01	-0.01	-0.02	0.01	-0.01	0.01	-0.01	-0.01	-0.01	-0.01	-0.01	-0.01	2.94
37199
2.94	-0.01	-0.01	-0.01	0.03	0.05	0.07	0.06	3.15
65327
3.15	0.04	0.01	0.03	0.03	0.06	0.04	0.01	-0.02	0.03	0.04	0.04	0.04	3.51
65087
3.51	-0.02	-0.02	-0.04	-0.04	-0.03	-0.02	-0.01	-0.02	-0.01	-0.03	-0.02	-0.03	3.21
56698
3.21	-0.02	-0.02	-0.01	-0.02	-0.02	-0.01	-0.01	-0.01	-0.01	-0.01	3.06
41658
3.06	-0.01	-0.01	-0.01	-0.01	-0.01	-0.01	-0.01	2.99
64813
2.99	0.01	0.01	-0.01	0.02	0.02	0.01	-0.01	-0.01	-0.01	-0.01	3.00
50231
3.00	-0.01	-0.01	-0.01	0.01	0.01	0.01	0.01	3.02
54781
3.02	0.01	-0.02	-0.01	0.01	0.06	0.07	0.08	0.04	0.04	0.01	-0.01	3.26
65436
3.26	-0.02	-0.04	-0.02	-0.01	-0.01	-0.03	-0.03	-0.01	-0.01	-0.02	-0.02	3.06
35913
3.06	-0.01	-0.01	0.01	-0.02	-0.01	3.02
56051
3.02	-0.01	-0.03	0.01	0.01	0.01	-0.01	0.01	-0.01	-0.01	-0.01	2.98
34850
2.98	-0.01	0.01	-0.01	2.97
65258
2.97	0.01	0.01	0.01	-0.01	0.01	-0.01	-0.01	0.01	-0.02	-0.01	-0.01	2.95
48318
2.95	0.01	-0.01	-0.01	0.01	-0.01	-0.02	0.01	-0.01	0.01	-0.01	2.92
44576
2.92	0.01	-0.01	-0.01	0.01	-0.01	2.90
55825
2.90	0.01	-0.02	0.02	0.01	-0.01	-0.02	2.89
48224
0.01	0.01	0.01	0.01	0.01	-0.01	-0.01	2.89
65339
2.89	0.01	0.03	0.04	0.04	0.03	0.02	0.01	-0.03	-0.03	-0.05	0.01	0.01	2.98
42913
2.98	-0.01	-0.02	-0.01	0.01	0.01	0.01	-0.01	2.95
59477
2.95	-0.01	-0.01	-0.01	-0.01	-0.01	-0.01	-0.01	2.88
39684
2.88	-0.02	0.01	0.01	-0.01	-0.01	2.87
60570
2.87	0.01	0.01	0.01	-0.01	0.01	0.01	-0.01	-0.01	2.89
64767
2.89	0.02	0.03	0.03	0.03	0.03	-0.02	-0.02	-0.01	-0.01	-0.02	0.01	0.01	0.02	3.01
61426
3.01	0.02	0.01	-0.01	-0.01	-0.02	-0.01	-0.02	-0.01	-0.01	-0.01	0.02	2.99
45036
2.99	0.01	-0.01	-0.01	-0.01	-0.01	-0.01	-0.02	-0.01	-0.01	-0.01	2.90
65277
2.90	0.01	0.03	0.01	0.04	0.03	0.02	-0.01	-0.01	-0.01	-0.02	-0.01	-0.01	-0.02	2.94
62183
2.94	-0.01	0.01	-0.01	0.01	0.02	0.01	0.01	-0.01	-0.01	-0.01	2.94
60643
2.94	-0.01	-0.01	-0.01	-0.01	-0.01	0.01	-0.01	0.01	0.02	2.95
65278
2.95	0.05	0.05	0.05	0.02	0.02	-0.01	-0.02	-0.02	-0.03	-0.01	-0.02	0.01	-0.01	3.02
65499
3.02	0.01	0.01	0.02	0.02	0.01	0.01	-0.01	-0.01	-0.01	-0.02	-0.02	-0.01	-0.01	3.00
48394
3.00	-0.01	-0.02	0.01	-0.01	-0.01	0.01	0.01	2.98
56279
2.98	-0.01	-0.01	-0.01	-0.02	-0.06	-0.03	-0.02	-0.03	0.02	0.05	0.03	2.94
61431
2.94	0.01	0.01	-0.01	0.01	0.01	0.03	0.04	0.04	0.03	0.02	-0.01	-0.01	-0.02	3.08
54592
3.08	-0.02	-0.02	-0.02	-0.01	-0.02	2.99
61083
2.99	-0.01	0.01	-0.02	0.01	-0.01	-0.01	0.01	-0.01	-0.02	-0.01	2.92
56388
2.92	0.03	-0.01	0.01	0.01	-0.01	-0.01	2.94
43857
2.94	0.01	-0.01	0.01	-0.01	-0.01	-0.01	-0.01	2.91
49242
2.91	0.01	-0.01	-0.02	0.01	0.01	2.91
55426
2.91	0.01	0.01	-0.01	0.01	0.01	2.94
48949
2.94	0.01	0.02	0.01	0.01	0.01	0.01	0.01	0.02	0.03	0.02	3.08
45906
3.08	-0.01	-0.03	-0.01	-0.01	-0.01	-0.01	-0.01	2.99
63487
2.99	0.01	-0.01	0.01	-0.01	0.01	-0.01	0.02	0.02	0.05	0.03	0.03	0.01	0.01	-0.02	3.13
65457
3.13	-0.02	-0.02	-0.02	-0.01	-0.01	-0.01	-0.01	-0.01	-0.01	0.01	0.01	3.02
37012
3.02	-0.01	0.01	-0.01	-0.01	3.00
42109
3.00	-0.01	-0.01	-0.01	0.01	-0.01	0.01	-0.01	-0.01	2.94
61970
0.02	0.02	0.02	-0.01	0.01	-0.01	0.01	2.94
35679
2.94	-0.01	-0.01	-0.04	0.02	0.01	-0.01	-0.02	0.02	0.02	2.94
64495
2.94	0.02	-0.01	-0.01	-0.10	0.08	-0.02	0.04	0.02	0.05	0.03	0.03	0.01	-0.03	3.08
48595
3.08	-0.02	-0.01	-0.01	-0.01	-0.01	-0.01	-0.01	-0.02	-0.01	-0.01	2.95
33696
2.95	-0.01	0.01	-0.01	-0.01	2.93
4592
-0.01	-0.01	-0.02	-0.02	-0.02	-0.01	2.94
54721
2.94	-0.02	-0.01	-0.01	-0.01	0.01	-0.01	-0.01	2.89
54271
2.89	-0.01	-0.01	0.01	-0.02	0.02	-0.02	0.01	-0.01	0.02	-0.01	0.03	-0.02	2.90
63858
2.90	-0.02	0.01	-0.01	-0.01	0.01	-0.01	0.02	-0.01	-0.01	2.86
64042
2.86	0.01	-0.01	-0.01	0.01	-0.01	-0.01	-0.01	-0.01	2.83
47975
2.83	-0.02	-0.04	0.02	0.01	-0.01	-0.01	0.01	0.01	0.01	0.02	2.82
40511
2.82	0.01	0.02	0.03	0.05	-0.01	-0.02	-0.01	-0.01	-0.01	-0.02	2.85
55313
2.85	-0.01	-0.01	-0.01	-0.01	-0.01	2.79
37365
2.79	-0.01	-0.01	0.01	-0.01	0.01	-0.01	0.01	-0.01	2.77
38173
2.77	-0.01	-0.01	-0.01	-0.02	0.02	-0.01	-0.02	2.72
55618
2.72	-0.01	-0.02	0.01	0.01	0.01	-0.01	2.69
61962
0.01	0.01	0.01	0.01	0.01	-0.01	-0.01	2.69
47432
2.69	-0.01	0.01	-0.01	-0.01	-0.01	0.01	2.66
38371
2.66	-0.01	-0.01	-0.01	0.01	-0.01	0.01	0.01	-0.01	2.64
61788
2.64	-0.01	0.01	-0.01	-0.01	-0.01	-0.01	0.01	-0.01	2.60
65508
2.60	-0.01	0.01	-0.03	0.02	-0.01	0.01	-0.01	0.01	-0.01	0.01	-0.01	2.58
50800
2.58	-0.01	-0.02	0.01	-0.01	0.01	-0.01	2.54
36672
2.54	-0.01	0.01	-0.02	0.01	-0.01	2.52
39998
2.52	-0.01	0.01	-0.01	-0.01	0.01	-0.01	0.01	-0.01	2.50
35204
2.50	-0.01	0.01	-0.01	0.01	2.50
48412
2.50	-0.01	-0.02	0.03	-0.01	-0.01	-0.01	0.01	-0.01	2.47
49671
2.47	-0.01	-0.01	-0.01	0.01	-0.01	2.44
5135
-0.01	-0.01	-0.01	-0.01	-0.01	-0.01	2.43
49696
2.43	-0.01	-0.01	-0.01	2.40
41231
-0.01	-0.01	0.01	-0.01	-0.01	-0.01	-0.01	2.38
38419
2.38	-0.01	0.01	-0.01	-0.01	-0.01	0.01	2.36
53379
2.36	-0.01	-0.01	-0.01	-0.01	0.01	2.33
36979
2.33	-0.01	-0.01	0.01	-0.01	0.01	-0.01	2.32
38145
2.32	-0.01	-0.01	-0.01	-0.01	2.28
32952
2.28	-0.01	-0.01	0.01	-0.01	2.26
8004
-0.02	-0.01	-0.02	-0.01	-0.01	-0.01	-0.01	2.25
1016
-0.01	-0.01	-0.01	-0.02	-0.02	-0.01	-0.01	2.25
42625
2.25	-0.01	-0.01	0.01	-0.01	0.01	2.24
43353
2.24	-0.01	0.02	-0.01	0.01	0.02	-0.03	-0.01	2.22
41072
2.22	0.01	-0.01	0.01	-0.01	2.21
39456
2.21	-0.03	0.01	-0.01	-0.01	2.16
54279
0.01	0.01	0.01	0.01	0.01	0.03	0.02	2.19
55104
2.19	-0.02	-0.01	-0.01	0.01	-0.01	-0.01	2.14
63820
2.14	-0.01	0.01	-0.02	0.01	-0.01	-0.01	-0.01	0.01	2.10
61459
0.01	0.01	0.01	0.01	0.01	-0.01	-0.01	2.08
53768
2.08	0.01	-0.01	0.01	-0.01	2.07
34128
0.01	-0.01	-0.01	-0.01	-0.01	2.07
34593
2.07	-0.01	0.01	-0.01	-0.01	-0.01	2.04
8832
0.01	-0.01	-0.01	2.03
33312
2.03	-0.01	-0.01	2.01
39280
2.01	-0.01	0.01	-0.01	-0.01	0.01	-0.01	1.99
61574
1.99	-0.01	0.01	-0.01	-0.01	-0.01	0.02	1.97
61440
0.01	0.01	0.01	0.01	1.95
64768
0.02	0.02	0.01	0.01	0.01	0.01	0.01	1.93
64576
0.01	0.01	0.02	0.01	0.01	0.01	-0.01	1.92
59009
0.01	0.01	0.01	0.01	0.01	0.01	-0.01	1.91
8207
0.01	-0.01	-0.01	-0.01	-0.01	1.89
61440
0.01	0.01	0.01	0.01	1.89
33527
1.89	-0.01	0.01	-0.01	-0.01	0.01	-0.01	0.01	-0.01	1.87
29
-0.01	-0.01	-0.01	-0.01	1.86
39952
1.86	-0.01	0.01	-0.01	-0.01	1.84
351
-0.01	-0.01	-0.01	-0.01	-0.01	-0.01	-0.01	1.82
61461
0.01	0.01	0.01	0.01	-0.01	-0.01	-0.01	1.81
0
1.80
49154
0.01	0.01	-0.01	1.78
58401
0.01	0.01	0.01	0.01	-0.01	-0.01	1.77
33073
1.77	-0.01	0.01	-0.01	-0.01	1.76
127
-0.01	-0.01	-0.01	-0.01	-0.01	-0.01	-0.01	1.74
57344
0.01	0.01	0.01	1.73
49267
1.73	0.01	-0.01	-0.01	-0.01	0.01	0.03	1.76
57229
1.76	0.01	-0.02	-0.01	-0.01	-0.01	0.02	0.01	-0.01	0.01	0.01	1.76
42658
1.76	0.01	0.01	-0.01	-0.01	-0.01	-0.01	1.74
47120
1.74	-0.01	0.01	-0.01	-0.01	1.72
2607
-0.01	-0.01	-0.01	-0.01	-0.01	-0.01	-0.01	1.71
236
-0.01	-0.01	-0.01	-0.01	-0.01	1.71
24000
0.01	-0.02	-0.01	-0.01	-0.01	-0.01	-0.01	1.71
54034
1.71	-0.01	-0.01	0.01	-0.01	-0.02	0.01	1.68
47
-0.01	-0.01	-0.01	-0.01	-0.02	1.66
0
1.66
32818
-0.01	-0.02	-0.01	-0.01	1.65
34972
1.65	0.01	0.01	-0.01	0.01	-0.01	1.66
36546
1.66	-0.01	0.01	-0.01	-0.01	0.01	-0.01	1.63
65024
0.01	0.01	0.01	0.01	0.01	0.01	0.01	1.62
8261
0.01	-0.01	-0.01	-0.01	1.61
1
-0.01	1.60
4103
-0.01	-0.01	-0.01	-0.01	1.59
33282
1.59	0.01	-0.01	1.58
61442
0.01	0.01	0.01	0.01	0.01	1.59
49412
-0.01	-0.01	-0.03	-0.01	1.59
15
-0.01	-0.01	-0.01	-0.01	1.58
4111
-0.01	0.01	0.02	0.02	0.02	1.62
64528
1.62	0.03	0.01	-0.01	-0.01	0.01	0.01	1.66
49531
1.66	-0.01	-0.01	0.01	0.03	0.03	-0.02	-0.01	-0.01	1.67
65498
1.67	-0.01	0.03	0.03	0.02	0.02	-0.05	-0.01	-0.03	0.01	-0.01	-0.01	-0.01	1.66
51684
1.66	-0.01	-0.01	-0.06	-0.07	0.12	0.05	-0.01	1.66
12320
-0.01	-0.01	0.01	1.66
34844
1.66	-0.01	-0.01	0.01	-0.01	1.64
40960
0.01	0.01	1.64
4867
0.01	0.01	0.01	-0.01	-0.01	1.63
2
0.01	1.63
5414
-0.01	-0.01	-0.01	0.01	0.01	0.01	1.63
32912
1.63	0.01	0.01	1.65
40960
-0.01	-0.01	1.64
40720
1.64	0.01	-0.01	0.01	-0.01	0.01	0.01	1.66
448
-0.01	-0.01	-0.01	1.66
37361
1.66	-0.01	-0.01	0.01	-0.01	0.01	-0.01	0.01	1.64
5
-0.01	-0.01	1.64
5
-0.01	-0.01	1.63
41031
0.01	0.01	-0.01	-0.01	-0.01	-0.01	1.62
5
-0.01	-0.01	1.61
4144
-0.01	0.01	0.01	1.60
61440
0.01	0.01	0.01	0.01	1.59
63488
0.01	0.01	0.01	0.01	0.01	1.58
63616
0.01	0.01	0.01	0.01	0.01	0.01	1.58
1
-0.01	1.58
55697
1.58	-0.01	-0.01	0.01	-0.01	0.01	-0.01	-0.01	1.57
49155
-0.01	-0.01	-0.01	-0.01	1.56
31
-0.01	-0.01	-0.01	-0.01	-0.01	1.55
0
1.54
49163
0.01	0.01	-0.01	-0.01	-0.01	1.53
54216
1.53	0.01	-0.01	0.01	-0.01	-0.01	0.01	0.01	1.53
57351
0.01	0.01	0.01	-0.01	-0.01	-0.01	1.52
21585
-0.01	-0.01	-0.01	-0.01	-0.01	-0.01	1.51
61448
0.01	0.01	0.01	0.01	-0.01	1.50
35837
1.50	0.01	0.01	-0.06	0.05	0.04	0.01	-0.01	0.01	0.01	0.01	1.56
59393
0.02	0.02	0.02	0.01	-0.01	1.55
3599
-0.01	-0.01	-0.01	-0.01	-0.01	-0.01	-0.01	1.54
63
0.01	0.01	0.01	0.02	0.02	0.02	1.56
8287
-0.01	-0.01	-0.01	-0.01	-0.01	-0.01	-0.02	1.55
16626
-0.01	-0.01	-0.01	-0.01	-0.01	-0.01	1.54
4098
-0.01	-0.01	1.53
49216
1.53	0.01	-0.01	1.53
1
-0.01	1.52
41472
0.01	0.01	0.01	1.52
1056
-0.01	0.01	1.52
4119
-0.02	-0.01	-0.01	-0.01	-0.01	1.51
512
-0.01	1.51
16416
-0.01	-0.01	1.51
33216
1.51	-0.01	0.01	-0.01	1.50
93
-0.01	-0.01	-0.01	-0.01	-0.01	1.49
12288
0.01	-0.01	1.48
58112
0.01	0.01	0.01	0.01	0.01	1.48
245
-0.01	-0.01	-0.01	-0.01	-0.01	-0.01	1.47
1
-0.01	1.47
34
-0.01	-0.01	1.46
20481
0.01	-0.01	-0.01	1.45
0
1.45
733
-0.01	-0.01	-0.01	-0.01	-0.01	-0.01	-0.01	1.44
5
0.01	-0.01	1.42
1299
-0.01	0.01	-0.01	0.01	0.02	1.42
57248
1.42	0.03	-0.01	-0.01	0.01	0.01	0.01	-0.01	0.01	1.47
42405
1.47	0.01	0.01	0.01	-0.01	-0.01	0.01	-0.01	1.48
63055
1.48	-0.01	0.01	-0.01	-0.02	0.03	-0.01	-0.02	-0.01	0.01	0.01	1.45
36024
1.45	-0.01	0.01	0.01	0.01	-0.01	0.01	1.45
64513
0.02	0.01	0.01	0.01	0.01	0.01	-0.01	1.44
4159
-0.01	-0.01	-0.01	-0.01	-0.01	-0.01	-0.01	1.43
544
-0.01	0.01	1.42
25600
0.01	0.01	0.01	1.42
125
-0.01	-0.01	-0.01	-0.01	-0.01	-0.01	1.41
32841
0.01	0.01	-0.01	0.01	1.42
4679
-0.01	0.01	-0.01	-0.01	-0.01	-0.01	1.42
40981
-0.01	-0.01	-0.01	-0.01	-0.01	1.41
1055
0.01	0.01	0.01	0.01	0.01	0.01	1.42
5378
-0.01	-0.01	-0.01	-0.01	1.41
50050
1.41	0.01	-0.01	0.01	-0.01	0.01	1.41
58368
0.01	0.01	0.01	-0.01	1.42
49169
-0.01	-0.01	-0.01	-0.01	1.40
64000
0.01	0.01	0.01	0.01	0.01	0.01	1.40
11088
-0.01	-0.01	-0.01	-0.01	-0.01	-0.01	1.39
62464
0.01	0.01	0.01	0.01	0.01	1.39
4159
-0.01	0.02	0.02	0.01	0.02	0.03	0.03	1.46
54191
1.46	0.02	-0.01	-0.01	-0.01	0.02	-0.01	-0.01	0.01	0.01	-0.02	1.43
51465
1.43	-0.01	0.01	-0.01	-0.01	-0.01	1.39
57867
0.01	0.01	0.01	0.01	-0.01	-0.01	-0.01	1.38
36852
1.38	0.01	0.03	0.02	-0.01	0.01	-0.01	0.03	-0.02	-0.02	1.42
40539
1.42	0.01	0.01	0.01	0.01	-0.01	-0.01	0.01	0.01	-0.01	1.45
65407
1.45	0.01	-0.01	0.01	-0.02	-0.02	-0.01	0.01	-0.01	0.01	0.02	0.02	-0.03	0.02	0.02	1.48
65005
1.48	-0.02	-0.01	-0.01	0.01	-0.02	0.01	-0.01	0.02	-0.01	-0.01	-0.01	0.01	1.44
54466
1.44	0.01	-0.01	-0.01	-0.01	-0.01	-0.01	1.39
61568
0.01	0.01	0.01	0.01	0.01	1.40
4175
-0.01	0.01	-0.01	-0.01	-0.01	-0.02	1.38
35348
1.38	0.01	0.01	-0.01	0.01	1.39
12299
0.01	0.01	-0.01	-0.01	-0.01	1.38
35588
1.38	-0.01	0.01	-0.01	-0.01	1.36
31
-0.01	-0.01	-0.01	-0.01	-0.01	1.35
4239
-0.01	-0.01	-0.01	-0.01	-0.01	-0.01	1.34
4096
-0.01	1.34
0
1.34
33302
1.34	0.01	0.01	-0.01	0.01	1.35
32769
0.01	0.01	1.33
57477
0.03	0.02	0.01	0.02	-0.01	-0.01	1.32
4096
0.01	1.32
20489
-0.01	-0.01	-0.01	-0.01	1.31
0
1.31
34884
1.31	0.01	-0.01	-0.01	1.30
4245
-0.01	-0.01	-0.01	-0.01	-0.01	1.29
8
-0.01	1.29
34435
1.29	-0.01	0.01	-0.01	-0.01	0.01	1.27
29192
0.01	0.01	0.01	0.01	0.01	1.27
47104
0.01	0.01	0.01	0.01	1.27
7939
-0.01	-0.01	-0.01	-0.01	-0.01	-0.01	-0.01	1.26
0
1.25
40960
0.01	0.01	1.25
743
-0.01	-0.01	-0.01	-0.01	0.01	0.01	0.01	1.25
33496
0.01	0.01	0.01	0.01	0.01	0.01	1.25
12448
-0.01	-0.01	0.01	0.01	1.25
16415
0.01	-0.01	-0.01	-0.01	-0.01	-0.01	1.23
57352
0.01	0.01	0.01	0.01	1.23
93
-0.01	-0.01	-0.01	-0.01	-0.01	1.22
7
-0.01	-0.01	-0.01	1.21
2
-0.01	1.21
75
-0.01	-0.01	-0.01	-0.01	1.20
16
-0.01	1.20
189
-0.01	-0.01	-0.01	-0.01	-0.01	-0.01	1.19
0
1.18
59904
0.01	0.01	0.01	0.01	0.01	1.18
471
-0.01	-0.01	-0.01	-0.01	-0.01	-0.01	-0.01	1.17
1
-0.01	1.16
57600
0.01	0.01	0.01	0.01	1.16
1024
-0.01	1.15
57344
0.01	0.01	0.01	1.15
169
-0.01	-0.01	-0.01	-0.01	1.14
45056
0.01	0.01	0.01	1.14
1055
-0.01	-0.01	-0.01	-0.01	-0.01	-0.01	1.13
64
-0.01	1.13
4106
-0.01	-0.01	-0.01	1.12
0
1.12
5
-0.01	-0.01	1.11
40960
0.01	0.01	1.11
4098
-0.01	-0.01	1.10
25088
0.01	0.01	0.01	1.10
2049
-0.01	-0.01	1.09
11264
0.01	0.01	0.01	1.09
9
-0.01	-0.01	1.08
4096
0.01	1.08
4229
-0.01	-0.01	-0.01	-0.01	1.07
8
-0.01	1.07
73
-0.01	-0.01	-0.01	1.06
0
1.06
2050
-0.01	0.01	1.06
32768
0.01	1.06
222
-0.01	-0.01	-0.01	-0.01	-0.01	-0.01	1.05
8224
0.01	0.01	1.05
4
-0.01	1.04
13400
0.01	0.01	0.01	0.01	0.01	0.01	1.04
0
1.04
463
-0.01	-0.01	-0.01	-0.01	-0.01	-0.01	-0.01	1.03
512
-0.01	1.04
8
-0.01	1.03
32768
0.01	1.03
4106
-0.01	-0.01	-0.01	1.02
49152
0.01	0.01	1.02
17
-0.01	-0.01	1.01
57344
0.01	0.01	0.01	1.01
0
1.01
7443
-0.01	-0.01	-0.01	-0.01	-0.01	-0.01	-0.01	1.00
8200
0.01	-0.01	1.00
0
1.00
152
-0.01	-0.01	-0.01	1.00
8203
-0.01	0.01	0.01	0.01	1.01
38000
1.01	-0.01	0.01	-0.01	0.01	-0.01	1.00
1
-0.01	0.99
40960
0.01	0.01	0.99
0
0.99
2597
-0.01	-0.01	-0.01	-0.01	-0.01	1.01
61440
-0.03	-0.03	-0.03	-0.03	1.01
64
-0.01	1.01
20
-0.01	-0.01	1.01
16896
-0.01	-0.01	1.01
21896
-0.01	-0.01	-0.01	-0.01	-0.01	-0.01	1.01
4436
-0.01	-0.01	-0.01	-0.01	-0.01	1.00
0
1.00
0
1.00
1
-0.01	1.00
8
-0.01	0.99
57504
0.01	0.01	0.01	0.01	0.01	0.99
0
0.99
4
-0.01	0.99
33298
-0.01	-0.01	-0.01	-0.01	0.98
49152
0.01	0.01	0.98
4096
-0.01	0.98
321
-0.01	-0.01	0.01	0.99
8207
-0.01	-0.01	-0.01	-0.01	-0.01	0.98
0
0.98
10
-0.01	-0.01	0.97
25088
0.01	0.01	0.01	0.97
257
-0.01	-0.01	0.97
2109
-0.01	-0.01	-0.01	-0.01	-0.01	-0.01	0.96
8192
0.01	0.96
0
0.96
4768
-0.01	-0.01	-0.01	-0.01	0.96
21784
-0.01	-0.01	-0.01	-0.01	-0.01	-0.01	0.95
51304
0.95	0.01	-0.01	0.01	-0.01	0.01	0.97
32800
-0.01	0.01	0.96
48128
0.01	0.01	0.01	0.01	0.01	0.96
4096
-0.01	0.95
64000
0.01	0.01	0.01	0.01	0.01	0.01	0.95
0
0.95
0
0.95
1
-0.01	0.94
25728
0.01	0.01	0.01	0.01	0.94
42
0.01	0.01	0.01	0.94
45072
0.94	0.01	0.01	-0.01	0.95
0
0.95
1103
-0.01	-0.01	-0.01	-0.01	-0.01	-0.01	0.94
33217
0.94	0.01	-0.01	0.01	-0.02	0.94
40259
0.94	-0.01	0.01	0.01	-0.01	0.01	-0.01	0.01	0.96
64512
-0.02	-0.01	-0.01	-0.01	-0.01	-0.01	0.96
34870
0.96	-0.01	-0.01	-0.02	-0.01	0.04	0.95
31760
-0.01	-0.01	-0.03	-0.03	-0.04	0.01	0.95
8192
0.01	0.95
4096
-0.01	0.95
33281
-0.01	-0.01	-0.01	0.95
8
-0.01	0.95
17756
-0.01	-0.01	-0.01	-0.01	-0.01	-0.01	-0.01	0.94
32864
0.01	0.01	0.01	0.94
2
0.01	0.94
0
0.94
512
0.01	0.94
519
-0.01	-0.01	-0.01	-0.04	0.97
63040
-0.04	-0.02	-0.01	-0.01	-0.01	-0.01	-0.01	0.97
63
-0.01	-0.01	-0.01	-0.01	-0.01	-0.01	0.96
0
0.96
2653
-0.01	-0.01	-0.01	-0.01	-0.01	-0.01	-0.01	0.95
8192
0.01	0.95
4352
-0.01	-0.01	0.95
48510
0.95	-0.01	0.01	-0.01	0.01	-0.01	-0.01	-0.01	0.01	-0.02	0.02	0.01	0.94
64473
0.94	0.01	0.01	0.01	-0.01	0.02	-0.02	-0.01	0.01	-0.01	-0.02	0.01	0.94
57767
0.94	0.05	0.01	0.01	0.02	-0.01	0.04	0.04	-0.04	1.04
56916
1.04	0.01	0.01	-0.02	0.01	0.01	0.01	-0.01	0.01	1.07
16451
-0.02	0.01	-0.01	-0.01	1.06
32896
1.06	-0.01	1.05
42028
1.05	0.01	-0.01	-0.01	0.01	0.01	1.05
22543
0.01	0.01	0.01	-0.01	-0.02	-0.01	-0.03	1.06
64000
-0.05	-0.06	-0.05	-0.04	-0.01	-0.01	1.07
61451
-0.01	-0.01	0.01	-0.01	-0.01	-0.01	-0.01	1.06
128
0.01	1.06
0
1.06
384
-0.01	-0.01	1.06
47
-0.01	-0.01	-0.01	-0.01	-0.01	1.05
4096
-0.01	1.05
4
0.01	1.05
63488
0.01	0.01	0.01	0.01	0.01	1.05
0
1.05
1034
-0.01	-0.01	-0.01	1.05
5717
-0.01	-0.01	-0.01	-0.01	-0.01	-0.01	-0.01	1.04
0
1.04
4358
-0.01	-0.01	-0.01	-0.01	1.03
6816
0.01	0.01	0.01	0.01	0.01	1.03
2048
-0.01	1.03
4096
-0.01	1.03
321
-0.01	-0.01	-0.01	1.02
1
-0.01	1.02
17450
-0.01	-0.01	-0.01	-0.01	-0.01	1.01
28704
0.01	0.01	0.01	0.01	1.01
4096
-0.01	1.01
653
-0.01	-0.01	-0.01	-0.01	-0.01	1.00
256
-0.01	1.00
285
-0.01	-0.01	-0.01	-0.01	-0.01	0.99
33232
0.01	0.01	0.01	0.01	0.01	0.99
0
0.99
0
0.99
2
-0.01	0.98
58112
0.01	0.01	0.01	0.01	0.01	0.98
0
0.98
5123
-0.01	-0.01	-0.01	-0.01	0.97
17024
0.01	0.01	0.01	0.97
0
0.97
16397
-0.01	-0.01	-0.01	-0.01	0.96
512
0.01	0.96
4096
-0.01	0.96
16
-0.01	0.96
40696
0.96	-0.01	0.01	-0.01	0.01	-0.01	0.01	-0.01	0.01	-0.01	0.95
0
0.95
0
0.95
36920
-0.01	-0.01	-0.01	-0.01	-0.01	0.94
47622
0.01	0.01	0.01	0.01	0.01	0.01	0.01	0.94
0
0.94
16
-0.01	0.94
256
-0.01	0.93
55675
0.93	0.01	-0.01	0.01	-0.01	0.01	-0.01	0.01	-0.01	0.01	-0.01	0.93
32
0.01	0.93
0
0.93
2
-0.01	0.93
4096
-0.01	0.93
6144
-0.01	-0.01	0.93
125
-0.01	-0.01	-0.01	-0.01	-0.01	-0.01	0.92
66
0.01	0.01	0.92
16
-0.01	0.92
0
0.92
20618
-0.01	-0.01	-0.01	-0.01	-0.01	0.91
23584
0.01	0.01	0.01	0.01	0.01	0.91
0
0.91
9216
0.01	0.01	0.91
0
0.91
4180
-0.01	-0.01	-0.01	-0.01	0.90
61440
0.01	0.01	0.01	0.01	0.90
0
0.90
0
0.90
0
0.90
4096
-0.01	0.90
8192
-0.01	0.89
54275
0.01	0.01	0.01	0.01	0.01	0.01	0.89
32
0.01	0.89
0
0.89
4096
-0.01	0.89
0
0.89
2049
-0.01	-0.01	0.89
16416
-0.01	-0.01	0.89
35856
-0.01	-0.01	-0.01	-0.01	0.89
36864
-0.01	-0.01	0.89
34611
0.89	-0.01	0.01	-0.01	0.01	-0.01	0.01	-0.01	0.88
1520
0.01	0.01	0.01	0.01	0.01	0.01	0.88
10240
0.01	0.01	0.88
1536
-0.01	0.01	0.88
12288
-0.01	-0.01	0.88
0
0.88
16384
-0.01	0.88
3201
-0.01	-0.01	-0.01	-0.01	0.87
49281
0.87	0.01	-0.01	0.01	0.87
516
0.01	0.01	0.87
0
0.87
0
0.87
512
-0.01	0.87
4097
-0.01	-0.01	0.87
12309
-0.01	-0.01	-0.01	-0.01	-0.01	0.87
4032
-0.01	-0.01	-0.01	-0.01	-0.01	-0.01	0.86
51760
0.01	0.01	0.01	0.01	0.01	0.01	0.87
58456
-0.01	-0.01	-0.01	-0.01	-0.01	-0.01	-0.01	0.87
2304
-0.01	-0.01	0.87
4392
-0.01	-0.01	-0.01	-0.01	0.87
1131
-0.01	-0.01	-0.01	-0.01	-0.01	-0.01	0.86
0
0.86
0
0.86
4096
-0.01	0.86
4880
-0.01	-0.01	-0.01	-0.01	0.86
4
-0.01	0.86
180
-0.01	-0.01	-0.01	-0.01	0.85
33340
0.01	0.01	0.01	0.01	0.01	0.01	0.85
65150
0.85	0.01	-0.01	0.01	0.01	-0.02	-0.01	0.05	0.62	0.04	-0.22	-0.39	-0.01	0.94
43274
0.94	-0.01	0.01	-0.01	-0.02	0.01	0.92
49148
0.92	0.01	-0.02	-0.01	-0.02	0.01	0.01	0.03	0.01	-0.01	0.01	-0.01	0.01	0.93
63492
0.01	0.01	0.01	0.01	0.01	0.01	0.93
16
-0.01	0.92
52224
0.01	0.01	0.01	0.01	0.92
12570
-0.01	-0.01	-0.01	-0.01	-0.01	-0.01	0.91
0
0.91
128
-0.01	0.91
513
0.01	-0.01	0.91
15
-0.01	-0.01	-0.01	-0.01	0.90
544
0.01	0.01	0.90
0
0.90
2048
-0.01	0.89
55840
0.01	0.01	0.01	0.01	0.01	0.01	0.89
0
0.88
0
0.88
0
0.87
64000
0.01	0.01	0.01	0.01	0.01	0.01	0.87
0
0.86
61440
0.01	0.01	0.01	0.01	0.87
4097
-0.01	0.01	0.87
65024
0.01	0.01	0.01	0.01	0.01	0.01	0.01	0.87
0
0.87
1064
-0.01	-0.01	-0.01	0.87
5120
-0.01	-0.01	0.94
65264
0.94	0.02	-0.09	-0.02	0.05	0.03	0.01	0.01	-0.01	-0.02	-0.02	0.95
49152
-0.05	-0.01	0.95
34
0.01	0.01	0.95
63
-0.01	-0.03	-0.04	-0.04	-0.03	-0.03	0.92
46864
0.92	-0.01	0.01	-0.01	-0.01	-0.01	0.01	0.94
40508
0.94	-0.02	-0.01	0.01	0.03	-0.01	0.01	-0.01	0.01	0.94
60160
0.01	0.01	0.01	0.01	0.01	0.01	0.94
1104
-0.01	-0.01	-0.01	0.93
62496
0.01	0.01	0.01	0.01	0.01	0.01	0.93
2
0.01	0.93
33023
0.93	0.01	0.01	-0.01	0.01	0.30	-0.13	-0.12	-0.02	0.99
64131
0.99	0.01	0.01	-0.02	-0.01	-0.01	-0.01	0.01	-0.01	0.96
4158
0.01	0.01	0.03	0.02	0.01	0.01	0.95
57347
0.01	0.01	0.01	-0.01	-0.01	0.93
32831
0.01	0.01	0.01	0.01	0.01	0.01	0.01	0.94
39219
0.94	-0.01	0.01	0.02	0.01	-0.01	0.01	0.01	1.00
52960
1.00	0.03	0.02	-0.01	-0.01	-0.01	0.01	-0.01	1.01
49154
0.01	0.01	-0.01	1.00
40960
0.01	0.01	1.00
3
-0.01	-0.01	0.99
0
1.00
64513
-0.01	-0.01	-0.01	-0.01	-0.01	-0.01	-0.01	0.99
672
0.01	0.01	0.01	0.99
95
0.01	0.01	0.01	0.01	0.02	0.02	1.02
16385
-0.01	0.01	1.02
55744
1.02	0.01	-0.01	0.01	-0.01	0.01	-2.03	