0.002100
0.001700
0.000700
0.000200
-0.000500
-0.000600
-0.000500
-0.001300
-0.002100
-0.002700
-0.003099
-0.003500
-0.003099
-0.003699
-0.004200
-0.004700
0.004900
-0.005000
-0.005000
0.004600
0.004299
0.003900
0.003699
0.004100
0.004499
-0.003700
-0.003500
-0.004200
0.003900
0.001801
-0.000900
-0.004700
0.000800
-0.003201
0.001500
-0.003500
0.000300
0.004200
-0.002100
0.001101
0.004400
-0.003300
-0.001200
0.001400
0.003700
-0.004601
-0.002700
-0.001600
-0.000600
-0.000200
0.001100
0.002299
0.003099
0.004399
0.004499
0.004700
-0.004200
-0.003699
-0.002800
-0.003099
-0.002500
-0.001699
-0.001900
-0.001100
