0.29
3851486006
8781824
3.71	-0.29	-0.06	0.01	0.01	0.01	0.01	0.01	0.01	0.01	0.01	0.01	0.01	0.01	0.01	0.01	0.01	0.29
4096
2098176
-0.01	-0.01	-0.01	0.28
1577070592
256
0.01	0.01	0.01	0.01	0.01	0.01	0.01	-0.01	0.27
3757831168
80
0.01	0.01	0.01	0.01	0.01	0.01	0.01	0.01	0.01	0.01	0.01	0.01	0.01	0.01	0.01	0.01	0.01	0.01	0.01	-0.01	-0.01	0.26
3305045983
2020605952
0.01	0.01	0.01	0.01	0.01	0.01	0.01	0.01	0.01	0.01	0.01	0.01	0.01	0.01	0.01	0.01	0.01	0.01	0.01	0.01	0.01	0.01	0.01	0.03	0.01	0.01	0.01	0.01	0.01	0.01	0.01	0.01	0.26
0
67084287
0.01	0.02	0.02	0.02	0.01	0.01	0.01	0.01	0.01	0.01	0.01	0.01	0.01	0.01	0.01	0.01	0.02	0.02	0.01	0.05	0.14	0.11	0.08	0.05	0.27
4217380864
0
0.02	0.01	0.01	0.01	0.01	0.01	0.01	0.01	0.01	0.01	0.27
0
600834047
-0.01	0.01	0.01	0.01	0.01	0.01	0.01	0.02	0.02	0.02	0.01	0.01	0.01	0.01	0.01	0.01	0.01	0.01	0.01	0.01	0.01	0.01	0.01	0.02	0.01	0.28
130023680
4253
0.01	0.01	0.01	0.01	0.01	-0.01	-0.01	-0.01	-0.01	-0.01	-0.01	-0.01	0.27
2684355078
33554432
0.01	0.01	0.01	0.01	0.01	0.01	0.27
536870912
0
0.01	0.27
2102276
8396779
-0.01	-0.01	-0.01	-0.01	-0.01	-0.01	-0.01	-0.01	-0.01	-0.01	-0.01	-0.01	-0.01	-0.01	-0.01	-0.01	0.27
2151680000
271056895
-0.01	-0.01	-0.01	-0.01	0.01	0.01	0.01	0.03	0.04	0.03	0.03	0.03	0.03	0.02	0.02	0.03	0.03	0.04	0.04	0.05	0.09	0.14	0.16	0.18	0.32
4294967288
4352
0.12	0.13	0.13	0.11	0.12	0.12	0.12	0.12	0.11	0.11	0.11	0.10	0.11	0.11	0.10	0.10	0.10	0.10	0.10	0.09	0.09	0.08	0.07	0.06	0.04	0.03	0.02	0.01	0.01	-0.01	-0.01	0.31
3533832704
0
0.01	0.01	0.01	0.01	0.01	0.01	0.01	0.01	0.30
3892232148
2147516416
0.01	0.01	0.01	0.01	0.01	0.01	0.01	0.01	0.01	0.01	0.01	0.01	0.01	0.01	0.01	0.01	0.01	0.01	0.01	0.01	0.01	0.01	0.01	0.01	0.01	-0.01	0.30
4105
1103773662
-0.01	-0.01	-0.01	-0.01	-0.01	-0.01	-0.01	-0.01	-0.01	-0.01	-0.01	-0.01	-0.01	-0.01	-0.01	-0.01	-0.01	-0.01	-0.01	-0.01	-0.01	0.30
4194287616
268468225
-0.01	-0.01	-0.01	-0.01	-0.01	-0.01	-0.01	-0.01	-0.01	-0.01	-0.01	-0.01	-0.01	-0.01	-0.01	-0.01	-0.01	-0.01	-0.01	0.30
6292480
2503024632
-0.01	-0.01	-0.01	-0.01	-0.01	-0.01	-0.01	-0.01	-0.01	-0.01	-0.01	-0.01	-0.01	-0.01	-0.01	-0.01	-0.01	-0.01	-0.01	-0.01	0.29
2693301516
755851471
0.01	0.01	-0.01	-0.01	-0.01	-0.01	-0.01	-0.01	-0.01	-0.01	-0.01	-0.01	-0.01	-0.01	-0.01	-0.01	-0.01	-0.01	-0.01	-0.01	-0.01	-0.01	-0.01	-0.01	0.28
2147484160
544
0.01	0.01	0.01	-0.01	0.28
0
0
0.28
0
17301504
-0.01	-0.01	0.28
67108864
2097152
-0.01	-0.01	0.28
0
1074266368
-0.01	-0.01	-0.01	0.28
268697729
272761024
-0.01	-0.01	-0.01	-0.01	-0.01	-0.01	-0.01	-0.01	-0.01	0.27
4160668544
539246594
0.01	0.01	0.01	0.01	0.01	0.01	0.01	0.01	0.01	0.01	0.01	0.01	0.01	0.01	0.01	0.01	0.01	0.01	0.01	0.01	0.01	0.01	0.01	0.01	0.27
268582913
140713983
0.01	0.01	-0.01	0.01	0.01	0.01	0.01	0.01	0.01	0.01	0.01	0.01	0.01	0.01	0.01	0.02	0.02	0.02	0.01	0.01	0.02	0.02	0.28
2803551105
134217728
0.01	0.01	0.01	0.01	0.01	0.01	0.01	0.01	0.01	0.01	0.01	0.01	0.01	0.01	-0.01	-0.01	0.28
2147483648
0
-0.01	0.28
4106
4228120704
-0.01	-0.01	-0.01	-0.01	-0.01	-0.01	-0.01	-0.01	-0.01	-0.01	-0.01	0.29
4027252736
167772160
-0.01	-0.01	-0.01	-0.01	-0.01	-0.01	-0.01	-0.01	-0.01	0.29
0
103
0.01	0.01	-0.01	-0.01	-0.01	0.28
3
4294962943
0.01	0.01	0.01	0.01	0.01	0.01	0.01	0.01	0.01	0.01	0.01	0.01	0.01	0.01	0.01	0.01	0.01	0.01	0.01	0.01	0.01	0.01	0.01	0.01	0.01	0.01	0.01	0.01	0.01	0.01	0.01	0.01	0.29
268435460
67108864
-0.01	0.01	-0.01	0.29
379
2147483392
0.01	0.01	0.01	0.01	0.01	0.01	0.01	-0.01	-0.01	-0.01	-0.01	-0.01	-0.01	-0.01	-0.01	-0.01	-0.01	-0.01	-0.01	-0.01	-0.01	-0.01	-0.01	-0.01	-0.01	-0.01	-0.01	-0.01	-0.01	-0.01	0.29
2227168
41811895
0.01	-0.01	-0.01	-0.01	-0.01	-0.01	-0.01	-0.01	-0.01	-0.01	-0.01	-0.01	0.01	0.01	0.01	0.01	0.01	0.01	0.01	0.01	0.01	0.01	0.01	0.01	0.01	0.01	0.01	0.01	0.01	0.01	0.01	0.01	0.01	0.30
4259840
335544320
-0.01	-0.01	-0.01	-0.01	0.29
4076884000
3472871418
0.02	0.01	0.01	0.01	-0.01	-0.01	-0.01	-0.01	0.01	0.01	0.01	0.01	0.01	0.01	0.01	0.01	0.01	0.01	0.01	0.01	0.01	0.01	0.01	0.01	0.01	0.01	0.01	0.01	0.01	0.01	0.01	0.01	0.01	0.01	0.30
8392704
553910271
-0.01	-0.01	-0.01	-0.01	-0.01	-0.01	-0.01	-0.01	-0.01	-0.01	-0.01	-0.01	-0.01	-0.01	-0.01	-0.01	-0.01	-0.01	-0.01	-0.01	-0.01	-0.01	0.29
0
131072
-0.01	0.29
31
4261543936
0.01	0.09	0.06	0.03	0.03	0.02	0.02	0.03	0.02	0.02	0.02	0.01	0.01	0.29
5783547
1069515750
0.01	0.01	0.01	0.01	0.05	0.03	0.02	0.01	0.01	0.02	0.01	0.03	0.03	0.01	-0.01	0.01	-0.01	-0.01	-0.01	-0.01	-0.01	-0.01	-0.01	-0.01	0.09	0.01	0.01	0.01	0.01	0.01	0.01	0.01	-0.01	-0.01	-0.01	0.01	0.01	0.29
4191682576
16376
-0.01	-0.01	-0.01	-0.01	-0.01	-0.01	-0.01	-0.01	-0.01	-0.01	-0.01	0.01	0.03	0.03	0.02	0.03	0.02	0.02	0.03	0.01	0.01	0.01	0.30
3269459968
0
-0.01	-0.01	0.01	0.01	0.01	0.01	0.30
0
8194
0.01	0.01	0.30
346030080
24640144
0.01	0.01	0.01	0.01	0.01	0.01	0.01	0.01	0.01	0.01	0.01	0.01	0.01	0.01	0.01	0.01	0.01	0.01	0.01	0.30
2172438
2179276864
0.01	0.01	0.01	0.01	0.01	0.01	0.01	0.01	0.01	0.01	0.01	0.01	0.01	0.01	0.01	0.01	-0.01	0.30
0
496
0.01	0.01	0.01	0.01	0.01	0.30
3322712055
4294967295
-0.01	-0.01	0.01	-0.01	0.01	0.01	0.01	0.01	0.01	0.02	0.02	0.02	0.02	0.01	0.01	0.01	0.01	0.02	0.04	0.03	0.02	0.01	0.02	0.02	0.02	0.02	0.02	0.02	0.02	0.02	0.03	0.05	0.07	0.08	0.08	0.08	0.07	0.07	0.08	0.08	0.08	0.08	0.07	0.06	0.06	0.05	0.05	0.05	0.06	0.06	0.36
4294885376
257
0.01	0.01	0.03	0.03	0.04	0.04	0.04	0.04	0.03	0.03	0.03	0.02	0.01	0.01	0.02	-0.01	-0.01	-0.01	-0.01	0.36
2101248
2148802560
-0.01	-0.01	-0.01	-0.01	-0.01	-0.01	0.36
0
4194000
-0.02	-0.02	-0.03	-0.03	-0.02	-0.04	-0.03	-0.03	-0.02	-0.01	-0.01	-0.01	-0.01	-0.01	-0.01	-0.01	0.36
67
0
-0.01	-0.01	-0.01	0.37
4292353794
8405002
-0.01	-0.01	-0.01	-0.01	-0.01	-0.01	-0.01	-0.01	-0.01	0.02	0.02	0.01	-0.01	-0.01	-0.01	-0.01	-0.01	-0.01	-0.01	-0.01	-0.01	-0.01	0.36
3933306912
644875296
0.01	0.01	0.01	0.01	0.01	0.01	0.01	0.01	0.01	0.01	0.01	0.01	0.01	0.01	0.01	0.01	0.01	0.01	0.01	0.36
18208
6194175
0.01	0.01	0.01	0.01	0.01	0.01	0.01	0.01	0.01	0.01	0.01	-0.01	-0.02	-0.02	-0.02	-0.02	-0.02	-0.02	-0.02	-0.02	-0.02	0.35
2407658456
4194304
-0.01	-0.01	-0.01	-0.01	-0.01	-0.01	-0.01	-0.01	-0.01	-0.01	-0.01	-0.01	-0.01	-0.01	-0.01	-0.01	-0.01	-0.01	0.35
0
2097152
0.01	0.35
0
0
0.35
0
0
0.35
535
825229312
0.01	0.01	0.01	-0.01	-0.01	0.01	0.01	-0.01	0.03	0.01	0.35
0
1049249
-0.01	-0.01	-0.01	-0.01	-0.01	0.34
4
536870912
-0.01	-0.01	0.33
4294307632
172352
0.01	0.01	0.01	0.01	0.01	0.01	0.01	0.01	0.01	0.01	0.01	0.01	0.01	0.01	0.01	0.01	0.01	0.01	0.01	0.01	0.01	0.01	0.01	0.01	0.01	0.01	0.01	0.01	0.33
536870912
16416
0.01	-0.01	0.01	0.35
4294967234
8388608
-0.02	-0.01	-0.02	-0.02	-0.01	-0.02	-0.01	-0.02	-0.02	-0.02	-0.02	-0.02	-0.02	-0.02	-0.02	-0.02	-0.02	-0.02	-0.02	-0.02	-0.01	-0.01	-0.01	-0.01	-0.01	-0.01	-0.01	-0.01	0.35
0
8192
0.01	0.35
6
46228159
0.01	0.01	0.01	0.01	0.01	0.01	0.01	0.01	0.01	0.01	0.01	0.01	0.01	0.01	0.01	0.01	0.36
2706149545
276955200
-0.01	-0.01	-0.01	-0.01	-0.01	-0.01	-0.01	-0.01	-0.01	-0.01	-0.01	-0.01	-0.01	-0.01	-0.01	-0.01	0.35
2818503936
127
0.01	0.01	0.01	0.01	0.01	0.01	0.01	0.01	0.01	0.01	0.01	0.01	0.01	0.01	0.01	0.01	0.01	0.01	0.02	0.02	0.02	0.02	0.02	0.02	0.02	0.37
5120
128
-0.01	-0.01	-0.01	0.37
4096
0
-0.01	0.37
0
1048576
-0.01	0.37
0
12159
0.01	0.01	0.01	0.01	0.01	0.01	0.01	0.01	0.01	0.01	0.01	0.01	0.37
3766367570
207556578
0.01	0.01	0.01	-0.01	-0.01	-0.01	-0.01	-0.01	-0.01	-0.01	-0.01	-0.01	-0.01	-0.01	-0.01	-0.01	-0.01	-0.01	-0.01	-0.01	-0.01	-0.01	-0.01	-0.01	-0.01	-0.01	-0.01	-0.01	-0.01	-0.01	-0.01	-0.01	0.36
4263533097
8388608
0.01	0.01	0.01	0.01	0.01	0.01	0.01	0.01	0.01	-0.01	0.01	-0.01	0.01	0.01	-0.01	0.01	0.36
131106
57344
0.01	0.01	0.01	0.01	0.01	0.01	0.36
0
0
0.36
2097184
973080575
0.01	0.01	0.01	0.01	0.01	0.01	-0.01	-0.01	-0.01	-0.01	-0.01	-0.01	-0.01	-0.01	-0.01	-0.01	-0.01	0.34
3457417412
100450303
0.01	0.01	0.01	0.01	0.01	-0.01	-0.01	-0.01	-0.01	-0.01	0.01	0.01	0.01	0.01	0.01	0.01	0.01	0.01	0.01	0.01	0.01	0.01	0.01	0.01	0.01	0.01	0.01	0.01	0.01	0.01	0.01	0.01	0.01	0.36
4289024032
67109888
-0.01	-0.01	-0.01	-0.01	-0.01	-0.01	-0.01	-0.01	-0.01	-0.01	-0.01	-0.01	-0.01	-0.01	-0.01	-0.01	-0.01	0.36
0
4128
0.02	0.01	0.36
41469
2947547137
0.01	0.01	0.01	0.01	0.01	0.01	0.01	0.01	0.01	0.01	0.01	0.01	0.01	0.01	0.01	0.01	0.01	0.01	0.01	-0.01	0.36
2098179
3246419968
-0.01	-0.01	0.01	0.01	0.01	0.01	0.01	0.01	-0.01	-0.01	-0.01	0.36
277349496
586874875
-0.01	-0.01	-0.01	0.01	0.01	0.01	0.01	0.01	0.01	0.01	0.01	0.01	0.01	0.01	0.01	0.01	0.21	0.06	0.01	0.29	0.04	0.03	0.02	0.02	0.01	0.01	0.01	0.02	0.01	0.01	0.04	0.37
4294966319
4290772995
0.01	0.01	0.01	0.01	0.22	0.09	0.06	0.04	0.04	0.03	0.03	0.03	0.03	0.02	0.02	0.02	0.02	0.02	0.02	0.01	0.01	0.01	0.03	0.01	0.01	0.01	0.01	0.01	0.01	0.01	0.03	0.02	0.02	0.01	0.01	0.01	0.01	0.04	0.03	0.43
4294967294
67633151
-0.04	-0.04	-0.04	-0.05	-0.05	-0.05	0.09	0.18	0.16	0.14	0.11	0.09	0.08	0.06	0.05	0.05	0.04	0.04	0.04	0.03	0.03	0.03	0.02	0.02	0.02	0.02	0.01	0.01	0.01	0.01	0.01	-0.01	-0.01	-0.01	-0.01	-0.01	-0.01	-0.01	-0.01	-0.01	-0.01	-0.01	-0.02	-0.02	-0.02	-0.02	-0.02	-0.03	-0.02	-0.03	-0.04	0.38
3188060185
8392706
0.01	0.01	0.01	0.01	0.01	0.01	-0.01	-0.01	-0.01	-0.01	-0.01	-0.01	0.01	0.01	0.01	-0.01	-0.01	-0.01	0.38
4196417
1265090560
-0.01	-0.01	-0.01	-0.01	-0.01	-0.01	-0.01	-0.01	-0.01	-0.01	0.01	0.01	0.01	0.01	0.01	0.38
2147484224
1074266368
-0.01	-0.01	-0.01	-0.01	-0.01	-0.01	0.38
537137152
2137530436
-0.01	-0.01	-0.01	0.02	0.02	0.02	0.01	0.01	0.01	0.01	0.01	-0.01	0.01	0.01	-0.01	-0.01	0.38
135266304
268435520
-0.01	-0.01	-0.01	-0.01	0.38
0
0
0.38
8391687
1349454005
-0.01	0.01	-0.01	-0.01	-0.01	-0.01	-0.01	-0.01	-0.01	-0.01	-0.01	-0.01	-0.01	-0.01	-0.01	-0.01	-0.01	-0.01	-0.01	-0.01	0.38
3634924544
2153120256
-0.01	-0.01	-0.01	-0.01	-0.01	-0.01	-0.01	-0.01	-0.01	-0.01	-0.01	-0.01	-0.01	-0.01	-0.01	-0.01	0.38
1074270592
1076101256
-0.01	-0.01	-0.01	-0.01	-0.01	-0.01	-0.01	-0.01	-0.01	-0.01	0.38
82968576
262103
-0.01	0.02	0.04	0.03	0.01	-0.01	0.01	0.03	0.03	0.01	0.02	0.01	0.01	0.01	0.01	0.01	0.01	0.01	0.01	0.01	0.01	0.01	0.39
1151392780
4096
-0.01	-0.01	-0.01	-0.01	-0.01	-0.01	-0.01	-0.01	-0.01	0.02	0.01	-0.01	0.40
4294443012
8392706
-0.01	-0.01	-0.01	-0.01	-0.01	-0.01	-0.01	-0.01	-0.01	-0.01	-0.01	-0.01	-0.01	-0.01	-0.01	-0.01	-0.01	0.39
3943719944
536879112
0.01	0.01	0.01	0.01	0.01	0.01	0.01	0.01	0.01	0.01	0.01	0.01	0.01	-0.01	0.39
2148569616
590080
-0.01	-0.01	-0.01	-0.01	-0.01	-0.01	-0.01	-0.01	-0.01	0.39
664664384
1342177380
-0.01	-0.01	-0.01	-0.01	-0.01	-0.01	-0.01	-0.01	-0.01	-0.01	-0.01	-0.01	-0.01	-0.01	-0.01	0.02	0.01	-0.01	-0.01	-0.01	-0.01	0.38
3822854401
537133184
0.01	0.01	0.01	0.01	0.01	0.01	0.01	0.01	0.01	0.01	0.01	0.01	0.01	0.01	0.01	0.01	0.38
0
989
-0.01	-0.01	-0.01	-0.01	-0.01	-0.01	-0.01	-0.01	0.38
277092416
166739967
-0.01	-0.01	-0.01	-0.01	-0.01	-0.01	-0.01	-0.01	-0.01	-0.02	-0.01	-0.01	0.03	0.02	-0.01	-0.01	-0.01	-0.01	-0.01	-0.01	-0.01	-0.01	-0.01	-0.01	-0.01	-0.01	0.37
147454
799080248
0.01	0.08	0.01	0.01	0.01	0.01	0.01	0.01	0.01	0.01	0.01	0.01	0.01	0.01	0.01	0.01	0.01	0.01	0.01	0.01	0.01	0.01	0.01	0.01	0.01	0.01	0.01	0.02	0.02	0.01	0.02	0.01	0.37
0
50
0.01	0.01	0.01	0.37
3759161888
1475274718
0.01	0.01	0.01	0.01	0.01	0.01	0.01	0.01	0.01	0.01	0.01	0.01	0.01	0.01	0.01	0.01	0.01	0.01	0.01	0.01	0.01	0.01	0.01	0.01	0.01	0.01	0.01	0.01	0.01	0.01	0.38
8421392
34623496
-0.01	-0.01	-0.01	-0.01	-0.01	-0.01	-0.01	-0.01	0.40
4294967295
100663296
-0.02	-0.02	-0.01	-0.02	-0.02	-0.02	-0.02	-0.02	-0.02	-0.02	-0.02	-0.01	-0.02	-0.01	-0.01	-0.02	-0.02	-0.02	-0.02	-0.02	-0.01	-0.02	-0.01	-0.02	-0.02	-0.02	-0.01	-0.02	-0.02	-0.03	0.01	0.01	0.01	0.01	0.40
0
512
0.01	0.40
33847606
2843738111
0.01	0.01	0.01	0.01	0.01	0.01	0.01	0.01	0.01	0.01	0.01	0.01	0.01	0.01	0.01	-0.01	-0.01	-0.01	-0.02	-0.02	-0.02	-0.01	-0.01	-0.02	-0.02	-0.02	-0.02	-0.01	-0.01	-0.01	-0.01	-0.02	-0.02	-0.02	-0.02	-0.01	-0.01	-0.02	0.39
2147483648
1049092
-0.01	0.01	0.01	0.01	0.40
3183706144
83918864
-0.01	-0.01	-0.01	-0.01	-0.01	-0.01	-0.01	-0.01	-0.01	-0.01	-0.01	-0.01	-0.01	-0.01	-0.01	-0.01	0.40
302006536
16777216
-0.01	-0.01	-0.01	-0.01	-0.01	-0.01	0.40
20480
15
-0.01	-0.01	-0.01	-0.01	-0.01	-0.01	0.40
6299384
2953842688
-0.01	-0.01	-0.01	-0.01	-0.01	-0.01	-0.01	-0.01	-0.01	-0.01	-0.01	-0.01	-0.01	-0.01	-0.01	-0.01	0.40
42932416
58720256
0.01	-0.01	-0.01	-0.01	-0.01	-0.01	0.01	0.01	0.01	0.01	0.01	0.01	0.01	0.41
2076652743
4185982976
-0.01	-0.01	-0.01	-0.01	-0.01	-0.01	-0.01	-0.01	-0.01	-0.01	-0.01	-0.01	-0.01	-0.01	-0.01	-0.01	-0.01	-0.01	-0.01	-0.01	-0.01	-0.01	-0.01	-0.01	-0.01	-0.01	-0.01	-0.01	0.41
268992528
570441736
-0.01	-0.01	-0.01	-0.01	-0.01	-0.01	-0.01	-0.01	0.40
3972002290
2113973222
0.01	0.01	0.01	0.01	0.01	0.03	-0.02	-0.01	-0.02	-0.02	-0.02	-0.02	-0.02	-0.01	-0.01	-0.01	-0.01	-0.01	-0.01	0.01	0.01	0.01	0.01	0.01	0.01	0.01	0.01	0.01	0.01	0.01	0.01	0.01	0.01	0.01	0.01	0.01	0.03	-0.01	0.41
4294443008
129791
-0.02	-0.02	-0.01	-0.01	-0.01	-0.01	-0.02	-0.02	-0.02	-0.02	-0.01	-0.01	-0.01	0.01	0.01	0.01	0.01	0.01	0.01	0.01	0.01	0.01	0.01	0.01	0.01	0.01	0.01	0.01	0.41
2146430978
2189426732
0.01	0.01	0.01	0.01	0.01	0.01	0.01	0.01	0.01	0.01	0.01	0.01	0.01	0.01	0.01	0.01	0.01	0.01	0.01	0.01	0.01	0.01	0.01	0.01	0.01	0.42
4160880644
512
-0.01	-0.01	-0.01	-0.01	-0.01	-0.01	-0.01	0.01	0.42
543
4223666135
0.01	0.01	0.02	0.02	0.01	0.01	0.01	0.01	0.01	0.01	0.01	0.01	0.01	0.01	0.01	-0.01	-0.01	-0.01	-0.01	-0.01	-0.01	-0.01	-0.01	-0.01	0.42
110984968
687866240
-0.01	-0.01	-0.01	-0.01	-0.01	-0.01	-0.01	-0.01	-0.01	-0.01	-0.01	-0.02	-0.01	-0.01	-0.01	-0.01	-0.01	-0.01	-0.01	-0.01	0.42
65824
65535
-0.01	-0.01	-0.01	-0.01	0.07	0.06	0.03	0.02	0.02	0.02	0.02	0.02	0.02	0.02	0.02	0.02	0.02	0.02	0.01	0.43
3956038314
52420607
0.01	0.01	0.01	0.01	0.01	0.01	0.01	0.01	0.01	0.01	0.01	0.01	0.01	0.01	0.01	0.01	0.01	0.01	0.01	0.01	-0.02	-0.02	-0.01	-0.01	-0.01	-0.01	-0.01	-0.02	-0.02	-0.01	-0.02	-0.02	-0.02	-0.02	-0.01	-0.01	-0.01	-0.01	-0.01	-0.01	0.42
16777216
0
0.01	0.42
268435456
29056
-0.01	-0.01	-0.01	-0.01	0.01	0.01	0.42
1611134928
0
-0.01	-0.01	0.07	0.04	0.01	0.01	0.05	0.03	-0.01	0.02	-0.01	-0.01	-0.01	-0.01	-0.01	0.42
2851059
3963691844
0.01	0.01	0.01	0.01	0.01	0.01	0.01	0.01	0.01	0.01	0.01	0.01	0.01	0.01	0.01	0.01	0.01	0.01	0.01	0.01	0.01	0.01	0.01	0.43
2840922247
2923369504
-0.01	-0.01	-0.01	-0.01	-0.01	-0.01	-0.01	-0.01	-0.01	-0.01	-0.01	-0.01	-0.01	-0.01	-0.01	-0.01	-0.01	-0.01	-0.01	-0.01	-0.01	-0.01	-0.01	-0.01	-0.01	-0.01	-0.01	0.42
135970244
268435456
-0.01	-0.01	-0.01	0.01	0.01	0.01	0.01	0.01	0.01	0.01	0.01	0.01	-0.01	0.01	0.42
6094848
4294640206
0.01	0.01	-0.01	-0.01	-0.01	0.01	0.01	0.01	0.01	0.01	0.01	0.01	0.01	0.01	0.01	0.01	0.02	0.02	-0.01	-0.01	0.01	-0.01	0.01	0.01	0.01	0.43
503549952
67149856
-0.01	-0.01	-0.01	-0.01	-0.01	-0.01	-0.01	-0.01	-0.01	-0.01	-0.01	-0.01	0.43
262152
268435456
-0.01	-0.01	-0.01	0.43
41442
8395167
0.01	0.01	-0.01	-0.01	-0.01	-0.01	-0.01	-0.01	-0.01	-0.01	0.01	0.01	-0.01	-0.01	-0.01	0.02	0.01	0.39
4290772992
642
0.04	0.02	0.01	0.01	0.01	0.01	0.01	0.02	0.01	0.01	-0.01	-0.01	-0.01	0.39
1342181632
545587344
-0.01	-0.01	-0.01	-0.01	-0.01	-0.01	-0.01	-0.01	-0.01	-0.01	0.39
841109572
2290171938
-0.01	-0.01	-0.01	-0.01	-0.01	-0.01	-0.01	-0.01	-0.01	-0.01	-0.01	-0.01	-0.01	-0.01	-0.01	-0.01	0.42
4294698000
2609995183
-0.04	-0.03	-0.03	-0.03	-0.04	-0.04	-0.04	-0.03	-0.03	-0.03	-0.03	-0.03	-0.03	0.01	0.02	0.01	0.01	0.01	-0.01	-0.01	-0.01	-0.01	-0.01	-0.01	-0.01	-0.01	-0.01	-0.01	-0.01	-0.01	-0.01	-0.01	-0.01	-0.01	-0.01	-0.01	-0.01	-0.01	-0.01	0.41
134283264
541102080
0.01	0.01	0.01	0.01	0.01	-0.01	0.41
0
0
0.41
391167
4294967039
0.06	-0.01	-0.01	-0.01	-0.01	-0.01	0.02	0.01	0.02	0.01	0.01	-0.01	-0.02	0.04	0.09	0.09	0.08	0.07	0.05	0.05	0.05	0.05	0.04	0.04	0.04	0.03	0.03	0.03	0.03	0.02	0.03	0.03	0.02	0.02	0.02	0.02	0.02	0.02	0.02	0.02	0.01	0.01	0.01	0.01	0.01	0.01	0.01	0.01	0.41
3659530368
367001599
0.01	0.01	0.01	0.01	0.01	0.01	-0.01	-0.01	-0.01	-0.01	-0.01	-0.01	-0.01	-0.01	-0.01	-0.01	-0.01	-0.01	-0.01	-0.01	-0.01	-0.01	-0.01	-0.01	-0.01	-0.01	-0.01	-0.01	-0.01	-0.01	-0.01	-0.01	-0.01	0.40
4128
268533776
-0.01	-0.01	-0.01	-0.01	-0.01	-0.01	0.39
4127135056
33554432
0.01	0.01	0.01	0.01	0.01	0.01	0.01	0.01	0.01	0.01	0.01	0.01	0.01	0.01	0.01	0.01	0.01	0.01	0.01	0.01	0.39
2
2099204
-0.01	-0.01	-0.01	-0.01	0.39
270533632
2148534783
-0.01	-0.01	-0.01	-0.01	-0.01	-0.01	-0.01	-0.01	0.02	0.01	0.01	0.01	0.01	0.01	0.01	0.42
4160746752
536871424
-0.03	-0.03	-0.02	-0.01	-0.01	-0.01	-0.01	-0.01	-0.01	-0.01	-0.01	-0.01	-0.01	-0.01	-0.01	-0.01	-0.01	-0.01	-0.01	-0.01	-0.01	-0.01	-0.01	0.42
2310144
3875536896
0.01	-0.01	-0.01	0.01	0.01	0.01	0.01	0.01	0.01	0.01	0.42
263242
149957623
0.01	0.01	0.01	0.01	0.01	0.01	0.01	0.01	0.01	0.01	0.01	0.01	0.01	0.01	0.01	0.01	0.01	0.01	0.01	0.01	0.01	0.43
1073802228
8388608
-0.01	-0.01	-0.02	-0.01	0.01	-0.01	-0.02	-0.02	-0.02	-0.01	-0.01	-0.01	-0.01	0.43
6145
2098176
-0.01	-0.01	-0.01	-0.01	-0.01	0.43
16496
720467695
-0.01	0.01	0.01	0.01	0.01	0.01	0.01	0.01	0.01	0.01	0.01	0.01	0.01	0.01	0.01	0.01	0.01	0.01	0.01	0.01	0.01	0.01	0.01	0.01	0.44
671121408
274726954
-0.01	-0.01	-0.01	-0.01	-0.01	-0.01	0.01	0.01	0.01	0.45
1498488992
67162112
-0.01	-0.01	-0.01	-0.01	-0.01	-0.01	-0.01	-0.01	-0.01	-0.01	-0.01	-0.01	-0.01	-0.01	0.45
0
0
0.45
272629807
4294897791
-0.01	-0.01	-0.01	-0.01	-0.02	-0.02	-0.02	-0.01	-0.02	-0.02	-0.02	-0.02	-0.03	-0.02	-0.03	-0.02	-0.03	-0.03	-0.03	-0.03	-0.01	-0.01	-0.01	0.03	0.01	0.01	0.12	0.29	-0.11	-0.17	-0.17	-0.17	-0.17	0.28
50331648
131089
0.01	0.01	0.01	0.01	-0.01	0.28
4244504583
4294967295
-0.01	-0.01	-0.01	-0.01	-0.01	-0.01	-0.01	-0.01	-0.01	-0.01	-0.01	-0.01	-0.01	0.01	0.01	0.01	0.01	0.01	0.01	0.01	0.02	0.02	0.02	0.02	0.02	0.02	0.02	0.02	0.02	0.02	0.02	0.02	0.02	0.02	0.02	0.03	0.02	0.03	0.03	0.03	0.03	0.03	0.03	0.03	0.03	0.03	0.03	0.03	0.31
1
2013265919
0.01	0.01	0.01	0.01	0.01	0.01	0.01	0.01	0.01	0.01	0.01	0.01	0.01	0.01	0.01	0.01	0.01	0.01	0.01	0.01	0.01	0.02	0.02	0.02	0.02	0.02	0.02	0.02	0.02	0.02	0.01	0.35
4294967293
1182794240
-0.02	-0.02	-0.02	-0.02	-0.02	-0.02	-0.02	-0.03	-0.02	-0.02	-0.02	-0.02	-0.02	-0.02	-0.02	-0.02	-0.02	-0.01	-0.02	-0.01	-0.01	-0.01	-0.01	-0.01	-0.01	-0.01	-0.01	-0.01	-0.01	-0.01	-0.01	-0.01	-0.01	-0.01	-0.01	-0.01	0.35
0
51888895
0.01	0.01	0.01	0.01	0.01	0.01	0.01	0.01	0.01	0.01	0.01	0.01	0.01	0.01	0.01	0.01	0.01	0.36
1432099328
134217727
-0.01	-0.01	-0.01	-0.01	-0.01	-0.01	-0.01	-0.01	-0.01	-0.01	-0.01	0.02	0.03	0.03	0.03	0.03	0.03	0.03	0.03	0.03	0.03	0.03	0.03	0.04	0.04	0.04	0.05	0.05	0.06	0.06	0.06	0.06	0.05	0.05	0.05	0.05	0.04	0.05	0.42
4292674048
470736836
-0.01	-0.01	-0.01	-0.01	-0.01	-0.01	-0.01	-0.01	-0.01	-0.01	-0.01	-0.01	-0.01	-0.01	-0.01	-0.01	-0.01	-0.01	-0.01	-0.01	-0.01	-0.01	-0.01	-0.01	-0.01	-0.01	-0.01	-0.01	-0.01	-0.01	-0.01	0.41
3655598032
735051776
0.01	0.01	0.01	0.01	-0.03	-0.03	-0.02	-0.02	0.01	0.01	0.01	0.02	0.01	0.02	0.01	0.01	0.01	0.01	0.01	0.01	0.01	0.01	0.01	0.01	0.01	0.01	0.01	0.01	0.41
570860674
2019
0.01	0.01	0.01	0.01	0.01	0.01	0.01	0.01	0.01	0.01	0.01	0.01	0.01	0.01	0.01	0.01	0.01	0.42
2551468072
286175
-0.01	-0.01	-0.01	-0.01	-0.01	-0.01	-0.01	-0.01	-0.01	-0.01	-0.01	-0.01	-0.01	-0.01	-0.01	-0.01	-0.01	-0.01	-0.01	-0.01	-0.01	-0.01	0.41
0
0
0.41
268435456
268436104
-0.01	-0.01	-0.01	-0.01	-0.01	0.41
1073741824
348330
-0.01	-0.01	-0.01	-0.01	-0.01	-0.01	-0.01	-0.01	-0.01	0.41
335546400
402734783
-0.01	-0.01	-0.01	-0.01	-0.01	-0.01	-0.01	-0.01	-0.01	-0.01	-0.01	-0.01	-0.01	-0.01	-0.01	-0.01	-0.01	-0.01	-0.01	0.40
536870912
132628598
0.01	0.01	0.01	0.08	0.04	-0.02	-0.02	-0.01	-0.01	-0.01	-0.01	-0.01	0.01	0.01	0.01	0.01	0.01	0.40
716537888
274115199
0.01	0.01	0.01	0.01	0.01	0.01	0.01	0.01	0.01	0.01	0.01	0.01	0.01	0.01	0.01	0.01	0.01	0.01	0.01	-0.01	-0.01	-0.01	-0.01	-0.02	-0.02	-0.02	0.39
2891968558
3825204736
-0.01	-0.01	0.01	0.01	-0.01	-0.01	-0.01	-0.01	-0.01	-0.01	-0.01	0.01	0.01	0.01	0.01	0.01	0.01	0.01	0.01	0.01	0.01	0.01	0.01	0.01	0.01	0.01	0.01	0.01	0.01	0.01	0.01	0.02	0.02	0.02	0.02	0.02	0.01	0.01	0.42
4293393912
8912896
-0.03	-0.03	-0.03	-0.03	-0.04	-0.04	-0.02	0.02	0.05	0.06	0.02	-0.01	-0.01	-0.01	-0.01	-0.02	-0.02	-0.01	-0.01	-0.01	-0.01	-0.01	-0.02	-0.01	-0.01	-0.01	-0.01	-0.01	0.43
4294958023
3758096384
-0.01	-0.01	-0.02	-0.01	-0.02	-0.02	-0.02	-0.02	-0.02	-0.02	-0.02	-0.03	-0.03	-0.03	-0.01	-0.01	-0.01	-0.01	-0.01	-0.01	-0.01	-0.01	-0.01	-0.01	0.01	0.01	0.01	0.01	0.01	0.01	0.43
268435456
67141632
-0.01	-0.01	-0.01	0.43
4104
1092616192
-0.01	-0.01	-0.01	-0.01	-0.01	0.43
0
272631813
-0.01	-0.01	-0.01	-0.01	-0.01	0.43
73203616
4097
-0.01	-0.01	-0.01	-0.01	-0.01	-0.01	-0.01	-0.01	-0.01	-0.01	-0.01	-0.01	-0.01	-0.01	-0.01	-0.01	-0.01	0.43
1073741890
3866632
-0.01	-0.01	-0.01	0.01	0.01	0.01	0.01	0.01	-0.01	0.43
268435456
2793730
-0.01	0.01	0.01	0.01	0.01	0.01	0.01	0.01	0.43
3120824320
0
0.01	0.01	0.01	0.01	0.01	0.01	0.43
2147483680
268435456
-0.01	0.01	-0.01	0.43
67112960
5120
0.01	-0.01	-0.01	-0.01	0.43
131072
512
-0.01	-0.01	0.43
807862440
335708240
-0.01	-0.01	-0.01	-0.02	-0.01	-0.01	-0.01	-0.01	-0.01	-0.01	-0.01	-0.01	-0.01	-0.01	-0.01	0.43
136384544
1157662813
-0.01	-0.01	-0.01	-0.01	-0.01	-0.01	-0.01	-0.01	-0.01	-0.01	-0.01	-0.01	-0.01	-0.01	-0.01	0.42
3020030498
180322849
0.01	0.01	0.01	0.01	0.01	0.01	0.01	0.01	0.01	0.01	0.01	0.01	0.01	0.01	0.01	0.01	0.01	0.01	0.01	0.01	0.01	0.42
134381568
0
0.01	0.01	0.01	0.42
524288
1073741824
-0.01	-0.01	0.42
268435456
327840
-0.01	-0.01	-0.01	-0.01	-0.01	0.42
335712592
2337357825
-0.01	-0.01	-0.01	-0.01	-0.01	-0.01	-0.01	-0.01	-0.01	-0.01	-0.01	-0.01	-0.01	-0.01	-0.01	-0.01	-0.01	0.42
76283198
809849518
-0.01	-0.01	-0.01	-0.01	-0.01	-0.01	-0.01	-0.01	-0.01	-0.01	-0.01	-0.01	-0.01	-0.01	-0.01	-0.01	-0.01	-0.01	-0.01	-0.01	-0.01	-0.01	-0.01	-0.01	-0.01	-0.01	-0.01	-0.01	-0.01	-0.01	0.41
2326200368
33554688
0.01	0.01	0.01	0.01	0.01	0.01	0.01	0.01	0.01	0.01	0.01	0.01	0.41
33554440
151060482
0.01	0.01	0.01	0.01	0.01	0.01	0.41
0
0
0.41
8454147
2134407082
-0.01	-0.01	-0.01	-0.01	-0.01	-0.01	-0.01	-0.01	-0.01	-0.01	-0.01	0.01	0.01	0.01	0.01	0.01	0.01	0.01	0.01	0.01	0.01	0.01	0.01	0.01	0.41
1610874880
536870944
0.01	0.01	0.01	0.01	-0.01	0.41
0
0
0.40
3724552099
4202643452
0.01	0.01	0.01	0.01	0.01	0.01	0.01	-0.01	-0.01	-0.01	-0.01	0.01	0.01	0.01	0.01	0.02	0.02	0.02	0.01	-0.01	-0.01	-0.01	-0.01	-0.01	-0.01	-0.01	-0.01	-0.01	-0.01	-0.02	-0.02	-0.03	-0.02	-0.02	-0.02	-0.02	-0.01	-0.01	-0.01	0.38
2818572286
2880861
0.02	0.01	-0.01	0.01	0.02	0.03	0.03	0.03	0.03	0.03	0.03	0.03	0.03	0.03	0.03	0.03	0.03	0.03	0.03	0.03	0.03	0.03	0.03	0.03	0.02	0.02	0.01	0.01	0.01	0.01	0.01	0.01	0.01	0.01	0.01	0.01	0.01	0.01	0.01	0.01	0.01	0.01	0.01	0.39
1361033992
1559
-0.01	-0.01	-0.01	-0.01	-0.01	-0.01	-0.01	-0.01	-0.01	-0.01	-0.01	-0.01	-0.01	-0.01	-0.01	0.01	0.01	0.01	0.01	0.01	0.01	0.43
4294967292
983647232
-0.02	-0.02	-0.02	-0.02	-0.02	-0.02	-0.02	-0.02	-0.02	-0.02	-0.02	-0.02	-0.02	-0.02	-0.02	-0.01	-0.02	-0.01	-0.01	-0.01	-0.01	-0.01	-0.01	-0.01	-0.01	-0.01	-0.01	-0.01	-0.01	-0.01	-0.01	-0.01	-0.01	-0.01	-0.01	-0.01	-0.01	-0.01	-0.01	0.43
8704
4128
0.01	0.01	-0.01	-0.01	0.43
20
8388608
-0.01	-0.01	-0.01	0.45
4294836210
3758030848
-0.02	-0.02	-0.03	-0.03	-0.02	-0.02	-0.02	-0.02	-0.02	-0.03	-0.02	-0.02	-0.02	-0.01	-0.01	-0.02	-0.02	-0.02	-0.02	-0.02	-0.01	-0.01	-0.01	-0.01	-0.01	-0.01	-0.01	0.01	0.01	0.01	-0.01	-0.01	-0.04	-0.03	-0.01	-0.03	-0.03	-0.02	-0.01	-0.01	-0.01	-0.01	-0.01	0.45
0
66191359
0.01	0.01	0.01	0.01	0.01	0.01	0.01	0.01	0.01	0.01	0.01	0.01	0.01	0.01	0.01	0.01	0.01	0.01	0.01	0.01	0.01	0.01	0.01	0.46
0
268599304
-0.01	-0.01	-0.01	-0.01	0.46
0
37376
-0.01	-0.01	-0.01	0.46
16793610
17956928
-0.01	-0.01	-0.01	-0.01	-0.01	-0.01	-0.01	-0.01	0.46
4
0
-0.01	0.46
33555456
1
0.01	-0.01	-0.02	0.47
4160636928
445120511
-0.02	-0.01	-0.02	-0.02	-0.03	-0.03	-0.03	-0.02	-0.01	-0.01	-0.01	-0.01	-0.01	-0.01	0.01	0.01	-0.01	-0.01	-0.01	-0.01	-0.01	-0.02	-0.03	-0.03	-0.03	-0.04	-0.03	-0.03	-0.03	-0.03	-0.04	-0.04	-0.03	-0.04	-0.03	-0.04	-0.04	-0.03	-0.03	0.46
4278288480
224203454
-0.02	-0.02	-0.02	-0.02	-0.02	-0.02	-0.02	-0.01	-0.01	-0.01	-0.01	-0.01	-0.01	-0.01	-0.01	-0.01	-0.01	-0.01	-0.01	-0.01	-0.01	-0.01	-0.01	-0.01	-0.01	-0.01	-0.01	-0.01	0.46
4294967056
2147500032
-0.01	-0.01	-0.01	-0.01	-0.01	-0.01	-0.01	-0.01	-0.01	-0.01	-0.01	-0.01	-0.01	-0.01	-0.01	-0.01	-0.01	-0.01	-0.01	-0.01	-0.01	-0.01	-0.01	-0.01	-0.01	-0.01	-0.01	0.46
268445957
1084887297
-0.01	-0.01	-0.01	-0.01	-0.01	-0.01	-0.01	-0.01	-0.01	-0.01	-0.01	-0.01	-0.01	-0.01	0.45
4287905834
2165450790
0.01	0.01	0.01	0.01	0.01	0.01	0.01	0.01	0.01	0.01	0.01	0.01	0.01	0.01	0.01	0.01	0.01	0.01	0.01	0.01	0.01	0.01	0.01	0.01	0.45
8194
0
0.01	0.01	0.45
0
32768
-0.01	0.45
0
4194304
-0.01	0.45
268435456
4
-0.01	-0.01	0.45
1082134560
4196387
-0.01	-0.01	-0.01	-0.01	-0.01	-0.01	-0.01	-0.01	-0.01	0.45
676595210
2954117760
-0.01	-0.01	-0.01	-0.01	-0.01	-0.01	-0.01	-0.01	-0.01	-0.01	-0.01	-0.01	-0.01	-0.01	-0.01	-0.01	-0.01	0.45
1414177104
1074240172
-0.01	-0.01	-0.01	-0.01	-0.01	-0.01	-0.01	-0.01	-0.01	-0.01	-0.01	-0.01	-0.01	-0.01	-0.01	-0.01	-0.01	-0.01	-0.01	-0.01	-0.01	-0.01	-0.01	0.44
3937927680
2621696
0.01	0.01	0.01	0.01	0.01	0.01	0.01	0.01	0.01	0.01	0.01	0.01	0.01	0.44
131072
67242594
0.01	0.01	0.01	0.01	0.01	0.01	0.01	0.01	0.44
197162
117957128
0.01	0.01	0.01	0.01	0.01	0.01	0.01	0.01	0.01	0.01	0.01	0.01	0.01	0.01	0.01	0.01	0.01	0.44
1110074024
567410690
0.01	0.01	0.01	0.01	0.01	0.01	0.01	0.01	0.01	0.01	0.01	0.01	0.01	0.01	0.01	0.01	0.01	0.01	0.45
2931723792
1342773246
-0.01	-0.01	-0.01	-0.01	-0.01	-0.01	-0.01	-0.01	-0.01	-0.01	-0.01	-0.01	-0.01	-0.01	-0.01	-0.01	-0.01	-0.01	-0.01	-0.01	-0.01	-0.01	-0.01	-0.01	-0.01	-0.01	-0.01	-0.01	-0.01	-0.01	-0.01	0.45
2831499655
3063060564
-0.01	-0.01	-0.01	-0.01	-0.01	-0.01	-0.01	-0.01	-0.01	-0.01	-0.01	-0.01	-0.01	-0.01	-0.01	-0.01	-0.01	-0.01	-0.01	-0.01	-0.01	-0.01	-0.01	-0.01	-0.01	-0.01	-0.01	0.45
436802624
32896
-0.01	-0.01	-0.01	-0.01	-0.01	-0.01	-0.01	-0.01	-0.01	-0.01	0.45
69642
131072
-0.01	-0.01	-0.01	-0.01	-0.01	0.45
8388608
268435968
-0.01	-0.01	-0.01	0.45
0
8392704
-0.01	-0.01	0.45
0
0
0.45
268435456
0
-0.01	0.45
537001984
0
0.01	0.01	0.45
2261026
637684752
0.01	0.01	0.01	0.01	0.01	0.01	0.01	0.01	0.01	0.01	0.01	0.01	0.01	0.46
3372063745
268506384
-0.01	-0.01	-0.01	-0.01	-0.01	-0.01	-0.01	-0.01	-0.01	-0.01	-0.01	-0.01	-0.01	-0.01	-0.01	-0.01	-0.01	-0.01	-0.01	-0.01	-0.01	0.46
2153054720
1140850752
-0.01	-0.01	-0.01	-0.01	-0.01	-0.01	-0.01	-0.01	-0.01	0.46
805306496
0
-0.01	-0.01	-0.01	0.46
163840
2147483644
-0.01	-0.01	-0.01	-0.02	-0.01	-0.01	-0.01	-0.01	-0.01	-0.01	-0.01	-0.02	-0.02	-0.03	-0.04	-0.03	-0.02	-0.04	-0.03	-0.02	-0.03	-0.04	-0.05	-0.04	-0.02	-0.01	-0.01	-0.01	-0.01	-0.01	-0.01	0.46
33554432
33721002
-0.01	0.01	0.01	0.01	0.01	0.01	0.01	0.01	0.01	0.01	0.47
268435456
4096
-0.01	-0.01	0.47
32768
0
-0.01	0.47
268959744
2107906
-0.01	-0.01	0.01	0.01	0.01	0.01	0.01	0.48
1961818208
16842792
-0.01	-0.01	-0.01	-0.01	-0.01	-0.01	-0.01	-0.01	-0.01	-0.01	-0.01	-0.01	-0.01	-0.01	-0.01	-0.01	-0.01	-0.01	-0.01	-0.01	-0.01	0.48
83886096
310116351
-0.01	-0.01	-0.01	-0.01	-0.01	-0.01	-0.03	0.01	0.18	-0.01	-0.02	-0.01	-0.01	-0.01	-0.01	-0.01	-0.01	-0.01	-0.01	-0.02	-0.01	-0.01	-0.01	-0.01	-0.01	-0.01	-0.01	0.47
9076922
2271069309
0.01	0.01	0.01	0.01	0.01	0.01	0.01	0.01	0.01	0.01	0.01	0.01	0.01	0.01	0.01	0.01	0.01	0.01	0.01	0.01	0.01	0.01	0.01	0.01	0.01	0.01	0.01	0.48
2822768776
2147483647
-0.01	-0.01	-0.01	-0.01	-0.01	-0.01	-0.01	-0.01	-0.02	-0.02	-0.02	-0.03	-0.03	-0.03	-0.04	-0.05	-0.05	-0.02	-0.01	-0.04	-0.04	-0.04	-0.04	-0.04	-0.04	-0.05	-0.05	-0.05	-0.04	-0.05	-0.04	-0.04	-0.05	-0.05	-0.05	-0.05	-0.05	-0.05	0.46
4070602231
3160722944
-0.03	-0.03	-0.03	-0.02	0.01	0.01	0.01	0.01	0.01	0.01	0.01	0.01	0.01	0.01	0.01	0.01	0.01	0.01	0.01	0.01	0.01	0.01	0.01	0.01	0.01	0.01	-0.01	-0.01	-0.01	0.01	0.01	0.01	0.49
4294967208
268435503
-0.03	-0.03	-0.03	-0.03	-0.03	-0.03	-0.03	-0.03	-0.03	-0.03	-0.02	-0.01	-0.01	-0.02	-0.02	-0.02	-0.01	-0.01	-0.01	-0.02	-0.01	-0.01	-0.01	-0.01	-0.01	-0.01	-0.01	-0.01	0.01	0.01	0.01	0.01	0.01	0.51
134219775
4294967295
-0.01	0.01	0.01	0.01	0.02	0.03	0.02	0.03	0.03	0.03	0.03	0.03	0.03	0.04	0.04	0.03	0.03	0.03	0.03	0.03	0.03	0.04	0.03	0.04	0.03	0.04	0.04	0.04	0.04	0.04	0.04	0.04	0.04	0.05	0.04	0.05	0.05	0.05	0.05	0.04	0.05	0.05	0.05	0.04	0.57
4282411521
1610612735
-0.01	-0.01	-0.01	-0.01	-0.01	-0.01	-0.01	-0.01	-0.01	-0.01	0.01	0.01	0.01	0.01	0.01	0.01	0.01	0.01	0.01	0.01	0.01	0.01	0.02	0.02	0.01	0.01	0.01	0.01	0.01	0.02	0.02	0.02	0.03	0.03	0.03	0.03	0.02	0.03	0.03	0.03	0.02	0.03	0.02	0.03	0.60
69210625
4068474879
0.01	0.01	-0.01	0.01	0.01	0.01	0.01	0.01	0.01	0.01	0.01	0.01	0.01	0.01	0.01	0.02	0.01	0.01	0.02	0.01	0.01	0.01	0.02	0.03	0.03	0.03	0.03	0.03	0.04	0.04	0.04	0.04	0.04	0.76
4294967295
4294721024
-0.12	-0.12	-0.12	-0.12	-0.12	-0.12	-0.12	-0.11	-0.11	-0.11	-0.10	-0.09	-0.08	-0.08	-0.08	-0.08	-0.08	-0.08	-0.07	-0.07	-0.07	-0.07	-0.07	-0.07	-0.06	-0.06	-0.05	-0.05	-0.05	-0.05	-0.05	-0.05	-0.05	-0.04	-0.04	-0.04	-0.04	-0.04	-0.04	-0.04	-0.04	-0.04	-0.04	-0.03	-0.02	-0.01	-0.01	-0.01	-0.01	-0.01	-0.02	0.77
4228902943
4294967295
-0.01	-0.02	-0.01	-0.01	-0.01	-0.01	-0.01	-0.01	-0.01	-0.01	-0.01	-0.01	-0.02	-0.01	0.01	0.01	0.02	0.02	0.03	0.03	0.03	0.03	0.04	0.04	0.04	0.04	0.05	0.06	0.06	0.07	0.09	0.09	0.10	0.11	0.12	0.12	0.12	0.13	0.13	0.13	0.13	0.14	0.14	0.14	0.14	0.15	0.15	0.15	0.16	0.16	0.17	0.94
4246208422
3210735407
0.94	-0.01	-0.02	-0.04	0.07	0.01	0.05	0.02	-0.01	0.02	0.01	0.02	-0.03	0.06	0.03	0.01	-0.01	-0.01	0.01	-0.03	0.01	-0.01	0.01	0.01	0.01	-0.01	-0.01	-0.02	-0.03	0.04	-0.01	0.03	-0.01	-0.02	-0.04	-0.03	0.06	0.01	0.02	-0.04	0.11	0.01	0.01	-0.01	0.01	0.01	-0.01	-0.02	1.17
2822725820
2944399535
1.17	-0.02	0.01	-0.01	0.01	-0.01	0.01	0.01	0.01	0.01	0.01	0.01	0.01	-0.01	0.01	0.01	0.01	0.01	0.02	0.01	0.01	0.01	-0.04	0.01	0.01	0.01	0.03	0.03	-0.03	0.03	0.05	0.03	-0.02	0.02	-0.01	-0.01	-0.01	0.02	0.02	0.01	1.46
3476881396
4081024915
1.46	0.01	-0.01	-0.01	-0.01	-0.01	0.02	0.04	0.01	0.02	-0.01	-0.01	-0.01	-0.01	-0.01	-0.01	0.01	0.01	0.01	0.01	0.01	0.01	0.01	-0.01	-0.01	-0.01	-0.01	0.01	0.01	0.01	-0.02	-0.01	-0.01	-0.01	-0.01	-0.01	0.04	0.01	0.20	-0.07	0.10	0.08	0.02	-0.02	-0.01	-0.02	1.62
4293921023
4294967295
0.14	0.12	0.10	0.06	0.06	0.05	0.06	0.04	0.04	0.03	0.02	0.01	-0.01	0.01	0.03	0.05	0.06	0.08	0.11	0.13	0.13	0.15	0.15	0.16	0.16	0.17	0.18	0.17	0.15	0.14	0.12	0.11	0.10	0.10	0.08	0.06	0.12	0.16	0.17	0.19	0.21	0.27	0.32	0.30	0.27	0.35	0.35	0.33	0.32	0.31	0.31	0.32	0.33	1.91
4025476095
1614807039
0.03	0.02	0.01	-0.01	-0.01	-0.02	-0.03	-0.01	0.01	0.01	0.01	0.01	0.02	0.03	0.03	0.03	0.02	-0.02	-0.02	-0.03	-0.03	-0.04	-0.03	-0.04	-0.03	-0.02	-0.01	0.01	0.01	0.01	0.02	0.06	0.12	0.15	0.18	0.19	0.19	0.19	0.19	0.18	0.17	0.17	0.18	0.21	0.25	0.29	0.31	0.32	0.33	0.32	0.31	2.10
4294963335
4227694527
0.11	0.10	0.07	0.05	0.03	0.02	0.01	0.01	0.03	0.06	0.08	0.08	0.08	0.06	0.06	0.04	0.03	0.03	0.02	0.01	-0.01	-0.01	-0.01	-0.02	-0.02	-0.03	-0.03	-0.03	-0.01	0.01	0.02	0.02	0.03	0.03	0.03	0.02	0.02	0.01	0.01	0.01	0.01	0.02	0.02	0.02	0.01	0.01	0.01	0.01	0.02	0.03	0.03	0.03	2.13
2617073452
3846885635
2.13	-0.01	-0.01	0.01	0.01	0.02	0.01	0.01	0.01	-0.01	-0.01	-0.01	0.01	0.02	0.01	0.03	0.02	0.02	-0.01	-0.01	0.01	-0.01	-0.01	-0.01	-0.01	0.02	0.01	-0.01	-0.02	-0.01	0.01	-0.01	-0.01	0.01	0.04	2.26
4294723583
2214445055
0.01	0.05	0.08	0.11	0.11	0.10	0.08	0.07	0.05	0.05	0.04	0.02	0.02	0.01	-0.01	0.01	0.02	0.02	0.02	0.03	0.03	0.03	0.03	0.03	0.02	0.02	0.01	-0.01	-0.02	-0.02	-0.03	-0.04	-0.03	-0.03	-0.02	0.01	0.01	-0.01	-0.01	-0.01	-0.02	-0.01	0.01	0.05	0.08	0.11	0.11	0.11	0.10	0.09	0.11	2.39
4157340211
2076180479
2.39	0.01	0.01	-0.01	-0.01	-0.02	-0.02	-0.02	-0.01	-0.01	-0.01	-0.01	-0.01	-0.01	-0.01	-0.01	0.01	0.02	0.01	0.01	-0.01	0.01	-0.01	-0.04	-0.01	0.02	0.02	0.08	0.06	-0.01	0.04	-0.05	0.02	0.04	0.06	0.10	0.08	0.01	0.05	0.02	-0.06	-0.03	-0.04	-0.04	-0.01	-0.02	-0.02	-0.02	-0.02	-0.02	-0.01	2.33
4294961667
4294729212
0.15	0.14	0.12	0.11	0.10	0.09	0.07	0.07	0.06	0.06	0.05	0.04	0.03	0.03	0.02	0.01	0.02	0.01	0.02	0.01	0.01	-0.01	-0.01	-0.02	-0.02	-0.02	-0.02	-0.02	-0.02	-0.02	-0.02	-0.02	-0.02	-0.02	-0.04	-0.01	-0.01	0.01	0.01	0.02	0.01	0.01	0.01	0.02	0.02	0.02	0.02	0.02	2.32
2213807103
4294967295
0.01	0.01	0.02	0.03	0.03	0.02	0.01	-0.01	-0.01	-0.01	-0.02	-0.06	-0.11	-0.12	-0.07	-0.06	-0.06	-0.06	-0.05	-0.06	-0.06	-0.06	-0.06	-0.07	-0.07	-0.07	-0.06	-0.06	-0.05	-0.05	-0.05	-0.06	-0.06	-0.07	-0.08	-0.08	-0.09	-0.09	-0.08	-0.08	-0.08	-0.08	-0.09	-0.08	-0.09	-0.09	-0.10	-0.10	-0.10	-0.10	2.14
4294967295
126222335
0.08	0.08	0.08	0.07	0.08	0.07	0.08	0.07	0.07	0.06	0.06	0.06	0.06	0.06	0.07	0.06	0.07	0.06	0.06	0.06	0.05	0.04	0.04	0.03	0.03	0.03	0.04	0.04	0.04	0.02	0.01	0.01	0.01	0.01	0.01	0.01	-0.01	-0.01	-0.01	-0.01	-0.01	-0.02	-0.02	-0.02	-0.02	-0.02	-0.02	-0.02	-0.02	-0.02	-0.03	-0.03	-0.04	-0.04	2.05
4294737912
335544319
0.04	0.04	0.04	0.03	0.02	0.03	0.03	0.03	0.03	0.02	0.02	0.01	0.01	0.01	0.01	0.01	0.01	0.01	0.02	0.03	0.02	0.02	0.02	0.02	0.01	0.01	0.01	-0.01	-0.01	-0.02	-0.02	-0.02	-0.03	-0.03	-0.04	-0.04	-0.04	-0.04	-0.04	-0.04	-0.04	-0.04	-0.05	-0.05	-0.06	-0.05	-0.05	-0.05	-0.05	-0.06	-0.05	-0.05	-0.05	1.94
4294967280
33816575
0.05	0.05	0.05	0.03	0.04	0.03	0.03	0.03	0.02	0.04	0.03	0.03	0.03	0.02	0.02	0.02	0.02	0.02	0.01	0.02	0.03	0.02	0.02	0.02	0.02	0.02	0.02	0.01	0.01	-0.01	-0.01	-0.02	-0.02	-0.03	-0.04	-0.04	-0.05	-0.04	-0.05	-0.05	-0.06	-0.05	-0.05	-0.06	-0.06	-0.06	-0.06	1.87
2148532223
4294967295
0.01	0.03	0.05	0.04	-0.01	0.04	0.04	0.07	0.01	0.07	0.14	0.18	0.15	0.23	0.27	0.22	0.27	0.31	0.33	0.35	0.37	0.39	0.40	0.41	0.43	0.45	0.48	0.50	0.53	0.55	0.57	0.60	0.65	0.70	0.75	0.79	0.79	0.77	0.76	0.73	0.71	0.68	0.64	0.62	0.56	0.53	0.41	0.49	0.46	0.47	0.47	0.46	0.44	2.31
4226796275
3724487606
2.31	-0.05	-0.03	0.08	0.01	-0.01	-0.02	-0.02	-0.01	0.02	-0.01	-0.01	-0.01	0.01	0.01	0.01	-0.01	-0.01	0.01	0.02	0.01	-0.01	-0.01	0.37	-0.09	-0.22	-0.06	-0.01	0.02	0.01	-0.03	0.07	0.03	0.02	-0.03	-0.02	0.04	0.04	-0.02	-0.01	-0.01	-0.01	-0.01	0.01	0.01	0.01	-0.01	2.37
2131230719
4294959791
-0.01	-0.01	-0.01	-0.02	-0.02	-0.02	-0.01	-0.01	-0.01	-0.02	-0.03	-0.03	-0.03	-0.01	0.02	0.05	0.06	0.07	0.07	0.06	0.05	0.03	0.03	0.03	0.03	0.02	0.03	0.03	0.04	0.04	0.04	0.04	0.04	0.03	0.03	0.02	0.03	0.02	0.03	0.02	0.02	0.01	0.01	0.01	0.01	0.01	0.01	0.01	-0.01	-0.01	-0.02	-0.02	2.36
4293786485
3748702570
2.36	0.01	0.01	-0.01	-0.01	0.04	-0.01	0.03	0.01	0.04	0.02	0.01	0.02	-0.03	0.03	-0.01	-0.02	0.02	0.01	-0.02	-0.01	-0.02	-0.02	-0.02	0.01	-0.01	0.01	-0.01	-0.01	0.01	-0.01	0.01	-0.02	-0.01	0.02	-0.02	-0.01	-0.01	-0.02	0.01	0.02	-0.01	0.01	0.01	2.28
4294967295
1340085511
0.11	0.10	0.10	0.08	0.09	0.08	0.08	0.08	0.08	0.08	0.07	0.07	0.08	0.06	0.06	0.06	0.05	0.05	0.05	0.04	0.04	0.04	0.04	0.03	0.03	0.03	0.03	0.03	0.02	0.02	0.01	0.01	0.01	0.01	0.02	0.02	0.02	0.02	0.01	0.01	-0.01	-0.01	-0.01	-0.01	-0.02	-0.03	2.25
2146955713
4269276959
0.01	0.01	0.01	0.01	0.02	0.01	0.02	0.01	0.01	0.01	0.01	0.01	0.01	0.01	0.02	0.02	0.01	-0.01	-0.01	-0.01	-0.01	0.01	0.02	0.02	0.03	0.03	0.03	0.03	0.01	-0.02	-0.01	-0.02	-0.01	-0.01	-0.02	-0.02	-0.02	-0.03	-0.03	-0.03	-0.02	-0.02	-0.01	-0.01	-0.01	-0.02	-0.03	-0.03	2.15
4294965952
335019260
0.08	0.07	0.07	0.07	0.07	0.07	0.06	0.06	0.05	0.05	0.04	0.04	0.03	0.03	0.03	0.02	0.02	0.01	0.02	0.01	0.01	0.01	0.01	-0.01	-0.01	-0.01	-0.01	-0.01	-0.02	-0.02	-0.01	0.01	0.02	0.02	0.02	0.03	0.02	0.02	0.01	0.01	-0.01	-0.01	-0.01	-0.01	-0.01	-0.01	2.18
4294951439
4158595071
-0.04	-0.04	-0.04	-0.05	-0.05	-0.06	-0.05	-0.06	-0.06	-0.07	-0.07	-0.07	-0.07	-0.06	-0.04	-0.03	-0.02	-0.01	0.01	0.01	0.01	0.03	0.04	0.04	0.04	0.03	0.02	-0.01	-0.02	-0.02	-0.02	-0.01	0.01	0.01	0.02	0.03	0.01	-0.02	-0.02	-0.02	-0.03	-0.03	-0.03	-0.02	-0.04	-0.05	-0.06	-0.06	-0.07	-0.06	2.00
4294967295
4294955015
0.11	0.11	0.10	0.11	0.11	0.11	0.11	0.11	0.10	0.10	0.10	0.10	0.09	0.09	0.09	0.09	0.09	0.08	0.08	0.08	0.08	0.07	0.07	0.06	0.07	0.06	0.06	0.05	0.05	0.04	0.05	0.04	0.05	0.05	0.05	0.05	0.05	0.05	0.04	0.04	0.04	0.03	0.03	0.03	0.03	0.02	0.02	0.01	0.01	0.01	0.01	0.01	0.01	0.01	2.01
2571107327
4138284474
2.01	-0.02	0.01	-0.02	-0.02	0.01	0.02	0.02	0.03	0.02	0.01	0.03	0.01	0.02	0.02	0.01	0.01	0.01	0.01	0.01	-0.01	0.01	-0.01	-0.01	-0.01	-0.01	-0.02	-0.01	-0.01	-0.02	-0.01	-0.01	-0.01	-0.01	-0.01	-0.01	0.01	0.01	0.01	0.01	-0.01	0.01	-0.01	-0.02	2.05
1344405503
4294967295
-0.01	-0.01	0.01	0.11	0.20	0.27	0.40	0.50	0.60	0.69	0.74	0.77	0.75	0.71	0.67	0.62	0.58	0.54	0.51	0.47	0.43	0.40	0.38	0.34	0.33	0.31	0.29	0.28	0.27	0.27	0.27	0.27	0.27	0.26	0.25	0.24	0.24	0.23	0.23	0.21	0.21	0.21	0.22	0.22	0.22	0.22	0.22	0.21	0.20	0.20	0.19	0.18	2.23
3620646267
4294441471
2.23	-0.01	-0.01	0.02	0.02	0.01	0.01	0.01	-0.01	-0.01	-0.01	-0.01	-0.01	-0.01	-0.01	-0.01	-0.01	0.01	-0.02	-0.02	0.01	-0.01	-0.01	-0.01	0.03	0.06	0.08	0.06	0.06	0.06	0.06	0.06	0.03	0.02	-0.01	-0.03	-0.03	-0.01	0.02	0.06	0.05	0.02	-0.03	-0.04	-0.05	-0.06	0.01	-0.01	0.01	0.04	0.04	2.72
4291817215
4275565127
2.72	0.08	0.10	0.08	0.09	0.03	0.02	0.01	0.02	-0.01	0.03	0.08	0.06	0.04	0.02	0.01	-0.02	0.03	0.05	0.02	-0.03	-0.03	-0.05	-0.05	-0.01	-0.02	0.01	-0.02	-0.02	-0.04	-0.04	-0.06	0.01	-0.03	-0.04	-0.02	0.01	0.01	0.01	-0.01	-0.01	-0.01	-0.02	-0.02	-0.02	-0.02	-0.01	-0.01	0.01	-0.01	2.90
2524916221
2581592569
2.90	0.01	0.01	0.01	-0.01	-0.02	-0.01	0.01	-0.02	-0.01	-0.02	0.01	-0.01	0.01	0.01	0.04	0.02	0.04	0.02	0.01	-0.02	-0.02	-0.01	-0.02	0.01	0.02	0.02	0.01	0.01	0.01	0.01	0.01	0.01	0.03	0.02	0.01	-0.02	-0.01	-0.01	-0.04	-0.01	0.01	-0.01	-0.01	2.99
3170877159
4294110574
2.99	-0.01	-0.04	-0.01	0.01	-0.01	-0.03	0.04	0.03	0.08	0.04	0.03	0.02	0.02	0.01	0.02	0.01	0.02	0.01	-0.01	-0.03	-0.03	0.03	0.04	0.03	0.02	0.01	0.01	-0.02	-0.03	-0.03	-0.02	-0.02	-0.02	-0.01	-0.01	-0.01	-0.01	-0.01	-0.01	0.01	0.01	-0.01	-0.02	-0.01	0.02	0.02	-0.01	0.01	3.12
4267392505
1595187724
3.12	-0.01	-0.01	-0.01	-0.01	-0.01	-0.01	0.01	0.01	0.01	-0.01	0.01	0.01	-0.02	0.01	-0.01	-0.01	-0.01	-0.01	-0.01	-0.01	-0.01	-0.01	-0.01	-0.01	0.01	-0.01	0.01	-0.01	-0.01	-0.01	-0.01	-0.01	-0.01	-0.01	-0.01	2.91
2466152286
290455343
2.91	-0.01	0.01	0.01	0.03	0.02	0.02	0.02	0.01	0.01	-0.01	-0.01	-0.02	0.01	-0.01	0.01	-0.01	-0.01	-0.01	-0.01	-0.01	-0.01	-0.01	-0.01	-0.01	0.03	0.05	0.07	0.06	0.03	0.04	0.01	0.03	0.03	0.06	0.04	0.01	-0.02	0.03	0.04	0.04	0.04	3.51
4265598330
2730130733
3.51	-0.02	-0.02	-0.04	-0.04	-0.03	-0.02	-0.01	-0.02	-0.01	-0.03	-0.02	-0.03	-0.01	-0.02	-0.02	-0.01	-0.02	-0.02	-0.01	-0.01	-0.01	-0.01	-0.01	-0.01	-0.01	-0.01	-0.01	-0.01	-0.01	-0.01	-0.01	0.01	0.01	-0.01	0.02	0.02	0.01	-0.01	-0.01	-0.01	-0.01	3.00
3291993597
4288449609
3.00	-0.01	-0.01	-0.01	0.01	0.01	0.01	0.01	0.01	0.01	-0.02	-0.01	0.01	0.06	0.07	0.08	0.04	0.04	0.01	-0.01	-0.04	-0.02	-0.04	-0.02	-0.01	-0.01	-0.03	-0.03	-0.01	-0.01	-0.02	-0.02	0.02	-0.01	-0.01	0.01	-0.02	-0.01	2.98
4026404803
3212836863
0.04	0.03	0.03	0.01	0.01	0.02	0.02	0.03	0.02	0.03	0.02	0.02	0.02	0.01	-0.01	-0.01	-0.01	-0.01	-0.01	-0.01	-0.01	-0.01	-0.01	0.01	0.02	0.01	0.02	0.01	0.01	0.01	-0.01	-0.01	-0.02	-0.02	-0.03	-0.03	-0.03	-0.03	-0.02	-0.03	-0.04	-0.03	-0.03	-0.03	-0.04	-0.04	-0.06	-0.05	-0.06	-0.05	-0.06	-0.06	2.91
4223701985
4294967295
0.01	0.01	0.02	0.02	0.01	0.01	0.01	0.01	0.01	-0.01	-0.02	0.01	0.01	0.01	0.01	0.01	-0.02	-0.01	-0.02	-0.01	-0.01	-0.01	-0.01	-0.02	-0.02	-0.02	-0.03	-0.03	-0.02	-0.02	-0.02	-0.02	-0.02	-0.02	-0.01	0.02	0.06	0.10	0.13	0.15	0.16	0.16	0.16	0.13	0.10	0.05	0.05	0.06	0.07	2.98
2812405845
453307546
2.98	-0.01	-0.02	-0.01	0.01	0.01	0.01	-0.01	-0.01	-0.01	-0.01	-0.01	-0.01	-0.01	-0.01	-0.01	-0.02	0.01	0.01	-0.01	-0.01	0.01	0.01	0.01	0.01	-0.01	0.01	0.01	-0.01	-0.01	2.89
4244631538
2951511805
2.89	0.02	0.03	0.03	0.03	0.03	-0.02	-0.02	-0.01	-0.01	-0.02	0.01	0.01	0.02	0.02	0.02	0.01	-0.01	-0.01	-0.02	-0.01	-0.02	-0.01	-0.01	-0.01	0.02	0.03	0.01	-0.01	-0.01	-0.01	-0.01	-0.01	-0.02	-0.01	-0.01	-0.01	0.01	0.03	0.01	0.04	0.03	0.02	-0.01	-0.01	-0.01	-0.02	-0.01	-0.01	-0.02	2.94
4075285731
4278124507
2.94	-0.01	0.01	-0.01	0.01	0.02	0.01	0.01	-0.01	-0.01	-0.01	-0.01	-0.01	-0.01	-0.01	-0.01	-0.01	0.01	-0.01	0.01	0.02	0.03	0.05	0.05	0.05	0.02	0.02	-0.01	-0.02	-0.02	-0.03	-0.01	-0.02	0.01	-0.01	-0.01	0.01	0.01	0.02	0.02	0.01	0.01	-0.01	-0.01	-0.01	-0.02	-0.02	-0.01	-0.01	3.00
3171572695
4025996608
3.00	-0.01	-0.02	0.01	-0.01	-0.01	0.01	0.01	-0.01	-0.01	-0.01	-0.02	-0.06	-0.03	-0.02	-0.03	0.02	0.05	0.03	0.05	0.01	0.01	-0.01	0.01	0.01	0.03	0.04	0.04	0.03	0.02	-0.01	-0.01	-0.02	-0.01	-0.02	-0.02	-0.02	-0.01	-0.02	2.92
4294934527
4292968575
0.07	0.06	0.07	0.07	0.05	0.06	0.05	0.05	0.04	0.04	0.04	0.05	0.04	0.04	0.02	0.01	0.03	0.03	0.02	0.03	0.04	0.04	0.04	0.04	0.03	0.03	0.03	0.03	0.02	0.02	0.02	0.02	0.02	0.03	0.03	0.02	0.02	0.03	0.02	0.02	0.01	0.01	-0.01	-0.01	-0.01	-0.01	-0.03	-0.02	-0.02	-0.01	-0.01	2.91
3632414517
3008526335
2.91	0.01	0.01	-0.01	0.01	0.01	0.01	0.02	0.01	0.01	0.01	0.01	0.01	0.02	0.03	0.02	-0.01	-0.01	-0.03	-0.01	-0.01	-0.01	-0.01	-0.01	0.01	-0.01	0.01	-0.01	0.01	-0.01	0.02	0.02	0.05	0.03	0.03	0.01	0.01	-0.02	3.02
4280360735
4294967295
0.11	0.09	0.07	0.05	0.04	0.03	0.02	0.01	-0.01	0.01	-0.01	-0.01	-0.01	-0.01	-0.01	-0.01	-0.01	-0.02	-0.02	-0.02	-0.02	-0.02	-0.03	-0.03	-0.03	-0.04	-0.04	-0.04	-0.04	-0.05	-0.04	-0.05	-0.04	-0.05	-0.05	-0.06	-0.06	-0.06	-0.06	-0.09	-0.08	-0.08	-0.07	-0.08	-0.08	-0.08	-0.08	-0.09	-0.08	-0.08	-0.07	-0.08	2.94
268398463
4294966591
-0.01	-0.01	-0.02	-0.06	-0.06	-0.04	-0.04	-0.03	-0.04	-0.06	-0.04	-0.02	0.02	0.01	-0.10	-0.10	-0.02	-0.04	0.02	0.07	0.07	0.10	0.13	0.14	0.11	0.14	0.14	0.12	0.11	0.10	0.09	0.09	0.08	0.07	0.06	0.06	0.04	0.04	0.04	0.03	0.02	0.01	0.01	0.01	0.01	0.01	0.01	0.01	-0.01	-0.01	-0.01	-0.01	-0.01	-0.01	2.88
4294967294
2641800803
0.05	0.05	0.05	0.04	0.05	0.05	0.05	0.04	0.03	0.03	0.03	0.04	0.05	0.05	0.05	0.05	0.06	0.04	0.04	0.03	0.03	0.02	0.02	0.01	0.02	0.01	0.01	0.01	0.01	0.01	0.01	0.01	-0.01	-0.01	-0.01	-0.02	-0.02	-0.01	-0.02	-0.01	0.02	0.02	0.01	-0.01	-0.01	-0.01	-0.01	0.01	-0.01	-0.01	2.82
4294770687
536866847
0.04	0.05	0.04	0.03	0.04	0.04	0.03	0.03	0.03	0.03	0.02	0.02	0.01	0.01	0.01	0.01	-0.01	-0.05	-0.03	-0.03	-0.02	-0.03	-0.03	-0.04	-0.03	-0.03	-0.03	-0.02	-0.01	0.01	0.01	0.03	0.06	0.11	0.11	0.11	0.11	0.10	0.08	0.07	0.06	0.05	0.03	0.03	0.02	0.02	0.01	-0.01	-0.01	-0.01	-0.01	-0.02	2.69
4294967295
4026528266
0.10	0.10	0.10	0.09	0.09	0.09	0.09	0.08	0.09	0.08	0.09	0.08	0.08	0.09	0.09	0.08	0.08	0.08	0.08	0.07	0.07	0.06	0.06	0.05	0.05	0.05	0.05	0.03	0.05	0.04	0.04	0.02	0.03	0.02	0.02	0.01	0.01	0.01	0.02	0.02	0.03	0.03	0.03	0.03	0.03	0.02	0.02	0.01	0.01	0.01	0.01	0.01	-0.01	-0.01	2.64
4294965570
1610612735
0.05	0.05	0.04	0.05	0.04	0.04	0.04	0.03	0.03	0.02	0.02	0.02	0.03	0.03	0.03	0.03	0.02	0.02	0.02	0.01	0.01	-0.01	-0.01	0.01	-0.01	-0.01	-0.01	-0.01	-0.01	-0.02	-0.02	-0.03	-0.03	-0.04	-0.03	-0.04	-0.04	-0.04	-0.04	-0.05	-0.04	-0.07	-0.05	-0.06	-0.05	-0.06	-0.05	-0.06	-0.05	-0.05	-0.05	-0.06	-0.06	-0.06	2.50
4294967295
4292087544
0.08	0.07	0.07	0.07	0.07	0.05	0.06	0.06	0.06	0.05	0.06	0.05	0.05	0.05	0.05	0.05	0.04	0.04	0.04	0.04	0.03	0.04	0.02	0.03	0.03	0.02	0.02	0.02	0.02	0.02	0.02	0.02	0.02	0.02	0.02	0.01	0.02	0.01	0.01	0.01	0.01	0.01	0.01	0.01	-0.01	-0.01	-0.01	-0.01	-0.01	-0.01	-0.01	-0.01	2.44
4294967290
336592895
0.06	0.06	0.05	0.03	0.06	0.05	0.05	0.04	0.04	0.04	0.04	0.03	0.04	0.03	0.03	0.03	0.03	0.02	0.02	0.02	0.02	0.02	0.01	0.01	0.01	0.01	0.01	0.01	0.01	0.01	-0.01	-0.01	-0.01	-0.01	-0.01	-0.01	-0.01	-0.02	-0.02	-0.02	-0.02	-0.02	-0.03	-0.03	-0.03	-0.03	-0.04	-0.04	-0.04	-0.04	-0.04	-0.04	2.33
4294967295
4278329343
0.06	0.07	0.06	0.07	0.07	0.07	0.07	0.08	0.07	0.07	0.07	0.07	0.06	0.06	0.06	0.06	0.05	0.05	0.05	0.04	0.04	0.05	0.04	0.04	0.04	0.04	0.04	0.03	0.03	0.03	0.02	0.03	0.03	0.02	0.02	0.01	0.01	0.01	0.01	0.01	-0.01	-0.01	-0.01	-0.01	-0.01	-0.01	-0.01	-0.02	-0.01	-0.02	-0.02	-0.02	-0.01	-0.02	2.25
4294967295
4105896952
0.07	0.07	0.07	0.06	0.06	0.05	0.05	0.04	0.04	0.04	0.04	0.04	0.04	0.04	0.04	0.03	0.03	0.03	0.03	0.03	0.03	0.03	0.03	0.03	0.02	0.02	0.01	0.02	0.01	0.01	0.01	0.01	0.01	0.01	0.01	-0.01	-0.01	0.01	0.01	0.01	0.01	0.01	0.01	-0.01	-0.01	-0.01	-0.02	-0.02	-0.01	-0.01	2.23
4211199998
3227516927
0.02	0.02	0.01	0.01	0.01	0.01	0.01	0.01	0.01	0.01	0.02	0.02	0.02	0.01	0.01	0.02	0.02	0.04	0.01	0.01	0.01	-0.01	-0.01	-0.01	-0.01	-0.01	-0.01	-0.01	-0.01	-0.02	-0.02	-0.02	-0.05	-0.04	-0.04	-0.05	-0.05	-0.05	-0.05	-0.06	-0.06	-0.06	-0.06	-0.06	-0.06	2.16
3557287423
4294967295
0.01	0.01	0.01	0.01	0.01	0.03	0.02	0.03	0.01	0.01	-0.01	-0.01	-0.01	-0.02	-0.02	-0.02	-0.02	-0.02	-0.02	-0.02	-0.02	-0.03	-0.02	-0.04	-0.03	-0.03	-0.03	-0.04	-0.04	-0.05	-0.05	-0.05	-0.06	-0.05	-0.05	-0.05	-0.05	-0.05	-0.05	-0.05	-0.06	-0.06	-0.06	-0.06	-0.06	-0.06	-0.06	-0.05	-0.06	-0.06	-0.07	-0.07	2.07
4294935888
100663295
0.01	0.02	0.02	0.01	0.01	0.01	0.02	0.02	0.02	0.02	0.02	0.02	0.01	0.01	0.01	0.01	0.01	-0.01	-0.01	-0.01	-0.01	-0.01	-0.01	-0.01	-0.01	-0.02	-0.02	-0.02	-0.02	-0.02	-0.03	-0.03	-0.03	-0.02	-0.03	-0.03	-0.03	-0.04	-0.03	-0.04	-0.03	-0.03	-0.03	-0.03	-0.03	-0.03	-0.03	1.97
4294967295
4278710272
0.06	0.06	0.06	0.06	0.06	0.06	0.05	0.05	0.05	0.05	0.04	0.04	0.04	0.04	0.04	0.04	0.04	0.04	0.04	0.03	0.04	0.04	0.04	0.03	0.03	0.02	0.03	0.02	0.02	0.02	0.02	0.02	0.02	0.01	0.02	0.01	0.01	0.01	0.01	0.01	-0.01	0.01	0.01	0.01	0.01	0.01	0.01	1.93
4294966336
427819007
0.04	0.04	0.03	0.03	0.03	0.03	0.02	0.03	0.02	0.02	0.02	0.02	0.02	0.02	0.02	0.02	0.01	0.01	0.02	0.01	0.01	0.01	-0.01	-0.01	-0.01	-0.01	-0.01	-0.01	-0.01	-0.01	-0.01	-0.01	-0.02	-0.02	-0.02	-0.01	-0.02	-0.02	-0.02	-0.02	-0.02	-0.02	-0.02	-0.02	-0.02	-0.03	-0.03	-0.03	-0.03	1.89
4026532735
4294967295
0.01	0.01	0.01	0.01	-0.01	-0.01	-0.01	-0.02	-0.01	-0.01	-0.02	-0.01	-0.02	-0.02	-0.02	-0.02	-0.02	-0.02	-0.02	-0.02	-0.02	-0.02	-0.02	-0.02	-0.03	-0.03	-0.03	-0.02	-0.03	-0.03	-0.03	-0.03	-0.04	-0.03	-0.04	-0.04	-0.04	-0.04	-0.04	-0.04	-0.05	-0.05	-0.05	-0.05	-0.05	1.81
4294967274
16383
0.03	0.03	0.03	0.03	0.03	0.03	0.03	0.02	0.03	0.02	0.03	0.02	0.02	0.02	0.02	0.02	0.02	0.02	0.02	0.02	0.01	0.01	0.01	0.01	0.01	0.01	0.01	0.01	0.01	-0.01	-0.01	-0.01	-0.01	-0.01	-0.01	-0.01	-0.01	-0.01	-0.01	-0.01	-0.01	-0.02	-0.01	1.76
4294966817
8388607
0.03	0.03	0.03	0.02	0.02	0.03	0.02	0.02	0.02	0.02	0.01	0.02	0.02	0.02	0.02	0.01	0.01	0.01	0.01	0.01	0.01	0.01	0.01	0.01	-0.01	-0.01	-0.01	-0.01	-0.01	-0.01	-0.01	-0.01	-0.01	-0.01	-0.01	-0.02	-0.02	-0.02	-0.02	-0.02	-0.02	-0.02	-0.02	-0.02	-0.02	-0.02	-0.02	-0.02	1.74
2155869943
4294717439
-0.01	-0.01	-0.02	-0.03	-0.03	-0.03	-0.02	0.01	0.02	0.03	0.03	0.01	-0.01	-0.02	0.01	0.01	0.01	0.01	0.01	0.01	0.02	0.02	0.02	0.03	0.03	0.03	0.04	0.03	0.03	0.02	0.02	0.01	0.01	0.01	0.01	-0.01	-0.01	-0.01	-0.01	-0.01	-0.01	-0.01	-0.01	-0.02	-0.02	-0.02	-0.02	-0.02	1.71
4124049644
1572896767
0.01	0.01	0.01	0.01	0.01	0.01	0.01	0.01	0.01	-0.01	-0.01	-0.01	-0.01	-0.01	0.01	-0.02	-0.01	-0.01	-0.01	-0.01	-0.01	-0.01	-0.01	-0.02	-0.02	-0.02	-0.01	-0.02	-0.02	-0.02	-0.02	-0.04	-0.04	-0.04	-0.03	-0.03	1.66
4294836224
2150822120
0.02	0.02	0.02	0.02	0.02	0.02	0.02	0.02	0.02	0.02	0.01	0.02	0.01	0.01	0.01	-0.01	-0.02	-0.01	-0.01	-0.01	-0.01	-0.01	-0.01	0.01	0.01	0.01	0.01	1.61
4294967295
4290379777
0.05	0.05	0.05	0.05	0.04	0.05	0.04	0.04	0.03	0.04	0.04	0.04	0.04	0.04	0.03	0.03	0.03	0.03	0.03	0.03	0.03	0.03	0.03	0.02	0.02	0.02	0.02	0.02	0.02	0.02	0.02	0.02	0.01	0.01	0.02	0.01	0.01	0.01	0.01	0.01	0.01	0.01	0.01	0.01	0.01	-0.01	1.59
4026008572
268288260
0.01	0.01	0.01	0.01	0.01	0.01	0.01	0.01	0.01	0.01	0.01	0.01	0.01	0.01	0.01	0.01	0.01	0.01	0.01	0.01	-0.01	-0.01	-0.01	-0.01	-0.01	-0.01	-0.01	-0.01	-0.01	-0.01	-0.01	-0.01	-0.01	-0.03	-0.01	1.58
4293922831
4294967295
0.01	0.01	0.01	0.01	0.01	0.01	0.01	0.01	0.01	0.01	0.01	0.01	-0.01	0.01	0.02	0.02	0.02	0.04	0.07	0.08	0.07	0.06	0.07	0.07	0.07	0.07	0.07	0.07	0.08	0.08	0.08	0.08	0.08	0.08	0.07	0.07	0.07	0.07	0.07	0.07	0.06	0.06	0.07	0.10	0.13	0.11	0.11	0.10	0.09	1.66
3220406271
807407615
0.01	0.03	0.06	0.08	0.10	0.05	0.04	0.01	0.02	0.02	0.01	-0.01	-0.01	-0.01	-0.01	-0.01	-0.02	-0.02	-0.02	-0.08	-0.15	-0.03	0.02	0.02	0.02	0.01	0.01	0.01	-0.01	-0.01	0.01	-0.01	-0.01	-0.01	-0.01	-0.01	-0.01	-0.01	-0.02	-0.01	-0.02	-0.02	-0.02	1.64
2684359427
4294836185
0.01	0.01	0.01	0.01	0.01	-0.01	-0.01	-0.01	-0.01	-0.01	-0.01	-0.01	-0.01	-0.01	-0.01	-0.01	-0.01	-0.01	-0.01	-0.01	-0.01	-0.01	-0.01	-0.01	-0.01	-0.02	-0.01	-0.02	-0.01	-0.02	-0.01	-0.01	-0.01	-0.01	-0.01	1.65
4292911104
3927965247
-0.02	-0.02	-0.02	-0.02	-0.02	-0.02	-0.02	-0.02	-0.01	-0.01	-0.01	-0.01	-0.01	-0.01	-0.01	-0.01	-0.01	-0.01	0.01	0.01	0.01	0.01	0.01	0.01	0.01	0.01	0.01	0.01	0.01	0.01	0.01	0.01	0.01	0.01	0.01	0.01	1.64
4271964165
352255
0.02	0.02	0.02	0.01	0.01	0.01	0.01	0.01	0.01	0.01	-0.01	-0.01	-0.01	-0.01	-0.01	-0.01	-0.01	-0.01	-0.01	-0.01	-0.01	-0.02	-0.01	-0.01	-0.01	-0.02	-0.02	-0.02	1.61
4294578224
268435455
0.01	0.01	0.01	0.01	0.01	0.01	0.01	0.01	0.01	0.01	0.01	0.01	0.01	0.01	-0.01	0.01	0.01	-0.01	-0.01	-0.01	-0.01	-0.01	-0.01	-0.01	-0.01	-0.01	-0.01	-0.01	-0.01	-0.01	-0.01	-0.01	-0.01	-0.01	-0.02	-0.02	-0.02	-0.02	-0.02	-0.02	-0.02	-0.02	-0.02	-0.02	-0.02	1.58
4169138177
2147483647
0.01	0.01	0.01	0.01	0.01	0.01	-0.01	-0.01	-0.01	-0.02	-0.01	-0.01	-0.01	-0.02	-0.01	-0.01	-0.01	-0.02	-0.02	-0.02	-0.02	-0.03	-0.02	-0.02	-0.01	-0.01	-0.01	-0.01	-0.01	-0.01	-0.01	-0.01	-0.01	-0.01	-0.01	-0.01	-0.02	-0.02	1.55
4292870144
1073741823
0.01	0.01	0.01	0.01	0.01	0.01	0.01	0.01	0.01	0.01	0.01	-0.01	-0.01	-0.01	-0.01	-0.01	-0.01	-0.01	-0.01	-0.01	-0.01	-0.02	-0.01	-0.02	-0.02	-0.02	-0.01	-0.01	-0.02	-0.02	-0.02	-0.01	-0.02	-0.03	-0.02	-0.02	-0.02	-0.01	-0.01	-0.01	-0.01	1.51
4294945710
4027118463
0.03	0.03	0.03	0.02	0.02	0.02	0.02	0.02	0.02	0.02	0.02	0.02	0.02	0.01	0.01	0.01	0.01	0.01	0.01	0.01	0.01	0.01	0.01	0.01	0.01	0.01	0.01	0.01	0.01	0.01	-0.01	-0.01	-0.01	-0.01	-0.01	0.01	-0.05	0.04	0.05	0.04	0.05	0.06	0.06	0.07	1.56
3892445183
4294451295
0.02	0.02	0.02	0.01	-0.01	-0.01	-0.01	-0.01	-0.01	-0.02	-0.02	-0.02	-0.01	-0.01	-0.01	-0.01	-0.01	-0.02	-0.02	-0.02	-0.02	-0.02	-0.02	-0.02	-0.02	-0.02	-0.02	-0.02	-0.02	-0.02	-0.02	-0.01	-0.01	-0.01	-0.01	-0.01	-0.01	-0.01	-0.01	-0.01	-0.02	1.54
3205304322
2155872255
0.01	0.01	0.01	0.01	0.01	0.01	0.01	0.01	0.01	0.01	-0.01	-0.01	-0.01	-0.01	-0.01	-0.01	-0.01	-0.01	-0.01	-0.01	-0.01	-0.01	-0.01	-0.01	-0.01	-0.01	-0.01	-0.01	-0.01	-0.01	-0.01	-0.01	-0.01	-0.01	-0.01	-0.02	1.52
2717910048
270008319
0.01	0.01	0.01	-0.01	0.01	-0.02	-0.01	-0.01	-0.01	-0.01	-0.01	-0.01	-0.01	-0.01	-0.01	-0.01	-0.02	-0.01	-0.01	-0.01	-0.01	-0.01	-0.01	-0.01	-0.01	-0.01	1.50
3219127936
6152191
0.01	0.01	0.01	0.01	0.01	0.01	0.01	0.01	0.01	0.01	0.01	0.01	0.01	0.01	0.01	0.01	0.01	0.01	0.01	0.01	0.01	0.01	-0.01	-0.01	-0.01	-0.01	-0.01	-0.01	-0.01	-0.02	-0.01	-0.01	-0.01	-0.01	-0.01	-0.01	-0.01	-0.01	-0.01	-0.01	-0.01	-0.01	1.47
4294967050
65570
0.02	0.02	0.02	0.01	0.01	0.01	0.02	0.02	0.01	0.01	0.01	0.01	0.01	0.01	0.01	0.01	0.01	0.01	0.01	0.01	0.01	0.01	0.01	0.01	0.01	0.01	-0.01	-0.01	-0.01	1.45
4026400768
48103419
0.01	0.02	0.01	0.01	0.01	0.01	0.01	0.01	0.01	0.01	0.01	0.01	0.01	0.01	-0.01	-0.01	-0.01	-0.01	-0.01	-0.01	-0.01	-0.01	-0.01	-0.01	-0.01	-0.01	-0.01	-0.01	-0.01	-0.01	-0.01	-0.01	-0.01	-0.01	-0.01	-0.02	1.42
85164031
4294967295
-0.01	0.01	-0.01	0.01	0.02	0.03	0.03	0.02	0.01	0.02	0.03	0.04	0.03	0.03	0.04	0.04	0.04	0.04	0.04	0.04	0.05	0.05	0.06	0.06	0.06	0.07	0.07	0.08	0.07	0.07	0.06	0.06	0.06	0.07	0.07	0.06	0.06	0.05	0.06	0.05	0.05	0.03	0.06	0.06	0.06	0.05	0.05	0.05	0.03	0.02	0.03	0.04	1.43
4294967295
4022338080
0.02	0.02	0.02	0.02	0.01	0.02	0.02	0.02	0.03	0.03	0.04	0.03	0.04	0.04	0.04	0.04	0.04	0.03	0.03	0.03	0.03	0.03	0.02	0.02	0.02	0.02	0.02	0.02	0.02	0.02	0.02	0.01	0.01	0.01	0.01	0.01	0.01	0.01	0.01	0.01	0.01	-0.01	0.01	1.42
1677721725
2143162951
0.01	0.01	0.01	-0.01	-0.01	-0.01	-0.01	-0.01	-0.01	-0.01	-0.01	-0.01	-0.01	-0.01	-0.01	-0.01	-0.01	-0.01	-0.01	-0.02	-0.01	-0.01	-0.01	0.01	-0.01	-0.01	-0.01	-0.01	1.42
2685795296
352486140
-0.01	-0.01	-0.01	-0.01	-0.01	-0.01	-0.01	-0.01	-0.01	-0.01	-0.01	-0.01	-0.01	-0.01	-0.01	-0.01	-0.01	-0.01	-0.01	-0.01	-0.01	-0.01	-0.01	-0.01	-0.01	-0.01	-0.01	1.41
3825221614
100663295
0.01	0.01	0.01	-0.01	0.01	0.01	0.01	0.01	0.01	0.01	0.01	0.01	0.01	0.01	0.01	0.01	-0.01	-0.01	-0.01	-0.01	-0.01	-0.01	-0.01	-0.01	-0.01	-0.01	-0.01	-0.01	-0.02	-0.01	-0.02	-0.01	-0.02	-0.02	-0.01	-0.02	-0.01	-0.02	-0.01	-0.01	-0.01	-0.01	1.39
4093644863
4294967295
0.01	0.01	0.01	0.01	0.01	-0.01	0.02	0.02	0.01	0.02	0.03	0.03	0.07	0.09	0.09	0.08	0.08	0.08	0.07	0.06	0.08	0.08	0.07	0.07	0.06	0.07	0.08	0.06	0.04	0.03	0.03	0.03	0.04	0.04	0.04	0.03	0.03	0.03	0.03	0.03	0.02	0.02	0.02	0.01	1.42
4294966264
536869471
-0.02	-0.02	-0.02	-0.03	-0.03	-0.03	-0.02	-0.03	-0.03	-0.03	-0.03	-0.03	-0.04	-0.03	-0.04	-0.04	-0.04	-0.04	-0.04	-0.04	-0.03	0.02	0.01	0.02	0.01	0.04	0.02	0.02	0.01	0.02	0.03	0.04	0.04	0.04	0.03	0.03	0.02	0.03	0.03	0.04	0.03	0.03	0.04	0.03	0.04	0.02	-0.01	-0.01	0.02	0.04	0.01	0.03	0.05	1.40
4294967292
259985487
0.08	0.06	0.05	0.04	0.05	0.03	0.03	0.04	0.03	0.05	0.04	0.04	0.03	0.02	0.02	0.03	0.04	0.05	0.05	0.04	0.04	0.03	0.03	0.03	0.02	0.01	0.01	0.01	0.01	0.01	-0.01	-0.01	-0.01	-0.01	-0.01	-0.01	-0.01	-0.01	-0.01	-0.01	-0.01	-0.01	0.01	-0.01	-0.01	-0.01	-0.02	1.39
4092014603
4294967295
-0.01	-0.01	-0.01	-0.01	0.01	0.01	0.01	0.01	0.01	0.01	0.01	0.01	0.01	0.01	-0.01	-0.01	-0.01	-0.01	-0.01	-0.01	-0.01	-0.02	-0.02	-0.01	-0.02	-0.02	-0.02	-0.02	-0.02	-0.02	-0.03	-0.03	-0.03	-0.03	-0.03	-0.03	-0.03	-0.03	-0.03	-0.03	-0.03	-0.03	-0.03	-0.03	-0.04	-0.04	-0.04	-0.04	-0.04	1.34
4017098752
1023
0.01	0.01	0.01	0.01	0.01	0.01	0.01	0.01	0.01	0.01	-0.01	0.01	0.01	0.01	0.01	0.01	0.02	0.02	0.01	0.02	0.02	1.32
4294967290
268455945
0.04	0.03	0.03	0.03	0.03	0.03	0.03	0.03	0.03	0.03	0.03	0.03	0.03	0.03	0.03	0.04	0.04	0.03	0.02	0.01	0.01	0.01	0.01	0.01	0.03	0.01	0.01	0.01	0.01	0.01	0.01	-0.01	-0.01	-0.01	-0.01	1.31
3975
4294967295
0.01	0.01	0.01	0.01	0.01	-0.01	-0.01	-0.01	-0.01	-0.01	-0.01	-0.02	-0.01	-0.01	-0.01	-0.01	-0.02	-0.01	-0.01	-0.02	-0.01	-0.02	-0.01	-0.02	-0.02	-0.02	-0.02	-0.02	-0.02	-0.02	-0.02	-0.02	-0.02	-0.02	-0.02	-0.02	-0.03	-0.02	-0.02	-0.02	1.27
4294799880
3087015683
0.02	0.02	0.02	0.02	0.02	0.01	0.02	0.02	0.01	0.01	0.01	0.01	0.01	0.01	0.01	0.01	0.01	0.01	0.01	0.01	0.01	0.01	0.01	0.01	-0.01	-0.01	-0.01	-0.01	-0.01	-0.01	-0.01	1.25
4294942720
48726744
0.01	0.01	0.01	0.01	0.01	0.01	0.01	0.01	0.01	0.01	0.01	0.01	0.01	0.01	0.01	0.01	0.01	0.01	-0.01	-0.01	-0.01	-0.01	0.01	0.01	0.01	0.01	0.01	0.01	0.01	0.01	0.01	1.23
4294967295
3758620765
0.02	0.02	0.01	0.01	0.02	0.02	0.02	0.02	0.03	0.02	0.03	0.02	0.02	0.02	0.02	0.02	0.02	0.03	0.02	0.02	0.02	0.02	0.02	0.02	0.02	0.02	0.02	0.01	0.01	0.01	0.01	0.01	0.01	0.01	0.01	0.01	-0.01	-0.01	-0.01	-0.01	-0.01	1.21
4294443010
4980735
0.01	0.01	0.01	0.01	0.01	0.01	0.01	0.01	0.01	0.01	0.01	0.01	0.01	-0.01	-0.01	-0.01	-0.01	-0.01	-0.01	-0.01	-0.01	-0.01	-0.01	-0.01	-0.01	-0.01	-0.01	-0.01	-0.01	-0.02	-0.01	-0.01	-0.01	-0.01	1.19
4282515456
369098751
0.01	0.01	0.01	0.01	0.01	0.01	0.01	0.01	0.01	0.01	-0.01	-0.01	-0.01	-0.01	-0.01	-0.01	-0.01	-0.01	-0.01	-0.01	-0.01	-0.01	-0.01	-0.01	-0.01	-0.01	-0.01	-0.01	-0.02	-0.02	-0.02	-0.01	-0.02	-0.01	-0.02	-0.02	-0.02	1.16
4294893824
67117055
0.01	0.01	0.01	0.01	0.01	0.01	0.01	0.01	0.01	0.01	0.01	0.01	0.01	0.01	0.01	0.01	0.01	0.01	0.01	-0.01	-0.01	-0.01	-0.01	-0.01	-0.01	-0.01	-0.01	-0.01	-0.01	-0.01	-0.01	-0.01	-0.01	1.14
4283871232
69206015
0.01	0.01	0.01	0.01	0.01	0.01	0.01	0.01	0.01	0.01	0.01	0.01	0.01	0.01	0.01	-0.01	-0.01	-0.01	-0.01	-0.01	-0.01	-0.01	-0.01	-0.01	-0.01	-0.01	-0.01	-0.01	-0.01	-0.01	-0.02	-0.01	-0.01	-0.01	-0.01	-0.01	-0.01	1.12
4025810944
352255
0.01	0.01	0.01	0.01	0.01	0.01	0.01	0.01	0.01	0.01	0.01	0.01	0.01	-0.01	-0.01	-0.01	-0.01	-0.01	-0.01	-0.01	-0.01	-0.01	-0.01	-0.01	-0.01	-0.01	-0.01	-0.01	-0.01	1.10
4026360320
134337535
0.01	0.01	0.01	0.01	0.01	0.01	0.01	0.01	0.01	0.01	0.01	0.01	0.01	0.01	0.01	0.01	0.01	-0.01	-0.01	-0.01	-0.01	-0.01	-0.01	-0.01	-0.01	-0.01	-0.01	-0.01	-0.01	-0.01	-0.01	-0.01	1.08
4294316032
277217279
0.01	0.01	0.01	0.01	0.01	0.01	0.01	0.01	0.01	0.01	0.01	0.01	0.01	0.01	0.01	-0.01	-0.01	-0.01	-0.01	-0.01	-0.01	-0.01	-0.01	-0.01	-0.01	-0.01	-0.01	-0.01	-0.01	-0.01	-0.01	-0.02	-0.01	-0.01	-0.01	1.06
4290117632
134381568
0.01	0.01	0.01	0.01	0.01	0.01	0.01	0.01	0.01	0.01	0.01	0.01	0.01	-0.01	0.01	0.01	1.05
4280360992
314279
0.01	0.01	0.01	0.01	0.01	0.01	0.01	0.01	0.01	0.01	0.01	0.01	-0.01	-0.01	-0.01	-0.01	-0.01	-0.01	-0.01	-0.01	-0.01	-0.01	-0.01	1.04
463
4294901768
-0.01	-0.01	-0.01	-0.01	-0.01	-0.01	-0.01	-0.01	-0.01	-0.01	-0.01	-0.01	-0.01	-0.02	-0.01	-0.01	-0.01	-0.01	-0.01	-0.01	-0.01	-0.01	-0.01	-0.01	1.02
4294963189
3221225489
0.02	0.01	0.01	0.01	0.01	0.01	0.01	0.01	0.01	0.01	0.01	0.01	0.01	0.01	0.01	0.01	0.01	0.01	0.01	0.01	0.01	0.01	0.01	0.01	0.01	0.01	0.01	0.01	0.01	0.01	0.01	-0.01	-0.01	1.01
3758096384
487841791
0.01	0.01	0.01	-0.01	-0.01	-0.01	-0.01	-0.01	-0.01	-0.01	-0.01	-0.01	-0.01	-0.01	-0.01	-0.01	-0.01	-0.01	-0.01	-0.01	-0.01	-0.02	-0.01	-0.01	-0.01	1.00
152
537651104
-0.01	-0.01	-0.01	-0.01	0.01	0.01	0.01	0.01	0.01	0.01	0.01	0.01	0.01	0.01	0.01	0.99
4294877184
2597
0.01	0.01	0.01	0.01	0.01	0.01	0.01	0.01	0.01	0.01	0.01	0.01	0.01	0.01	0.01	0.01	0.01	-0.01	-0.01	-0.01	-0.01	-0.01	1.01
4026531904
1327616
-0.03	-0.03	-0.03	-0.03	-0.01	-0.01	-0.01	-0.01	-0.01	1.00
2859986603
0
0.01	0.01	0.01	0.01	0.01	0.01	0.01	0.01	0.01	0.01	0.01	0.01	0.01	0.01	0.01	0.01	0.01	0.01	0.01	0.01	0.01	1.00
65544
526385151
-0.01	-0.01	-0.01	-0.01	-0.01	-0.01	-0.01	-0.01	-0.01	-0.01	-0.01	-0.01	-0.01	-0.01	-0.01	-0.01	-0.01	-0.01	-0.01	-0.01	-0.01	-0.01	-0.01	-0.01	-0.01	-0.01	-0.01	-0.01	-0.01	0.98
4294671853
3221229568
0.01	0.01	0.01	0.01	0.01	0.01	0.01	0.01	0.01	0.01	0.01	0.01	0.01	0.01	0.01	0.01	0.01	0.01	0.01	0.01	0.01	0.01	0.01	0.01	0.01	0.01	0.01	0.01	0.01	-0.01	0.98
21094384
10
-0.01	-0.01	0.01	0.01	0.01	0.01	0.01	0.01	0.01	0.01	0.01	0.01	0.01	0.01	-0.01	-0.01	0.97
1644167425
138272767
0.01	0.01	0.01	-0.01	-0.01	-0.01	-0.01	-0.01	-0.01	-0.01	-0.01	-0.01	-0.01	-0.01	-0.01	-0.01	-0.01	-0.01	-0.01	-0.01	-0.01	-0.01	-0.01	-0.01	-0.01	-0.01	0.96
4768
1427673008
-0.01	-0.01	-0.01	-0.01	-0.01	-0.01	-0.01	-0.01	-0.01	-0.01	-0.01	-0.01	-0.01	-0.01	-0.01	-0.01	-0.01	-0.01	0.96
2147466240
268436991
0.01	0.01	0.01	0.01	0.01	0.01	0.01	0.01	0.01	0.02	0.01	0.01	0.01	0.01	0.01	0.01	0.01	0.01	0.01	0.01	-0.01	-0.01	-0.01	-0.01	-0.01	-0.01	-0.01	-0.01	-0.01	-0.01	-0.01	0.95
0
105343
-0.01	-0.01	-0.01	-0.01	-0.01	-0.01	-0.01	-0.01	-0.01	-0.01	-0.01	-0.01	-0.01	0.95
4292206560
1103
-0.01	-0.01	-0.01	-0.01	-0.01	-0.01	-0.01	-0.01	-0.01	-0.01	-0.01	-0.01	-0.01	-0.01	-0.01	0.01	0.01	0.01	0.01	0.01	0.01	0.01	0.01	-0.01	-0.01	-0.01	-0.01	-0.01	-0.01	0.95
4269930882
2214588476
-0.01	-0.01	-0.01	-0.01	-0.01	-0.01	-0.01	-0.01	-0.02	-0.01	-0.01	-0.01	-0.02	-0.01	-0.01	-0.01	-0.01	-0.01	0.01	0.01	0.01	0.01	0.01	0.01	0.01	0.01	0.01	0.01	0.01	0.01	0.01	0.01	-0.01	-0.03	-0.03	-0.04	0.95
2081431552
268468737
-0.01	-0.01	-0.03	-0.03	-0.04	0.01	0.01	-0.01	-0.01	-0.01	-0.01	0.94
4294425251
2153775106
0.01	0.01	0.01	0.01	0.01	0.01	0.01	0.01	0.01	0.01	0.01	0.01	0.01	0.01	0.01	0.01	0.01	0.01	0.01	0.01	0.01	0.01	0.01	0.01	0.01	0.01	0.01	0.01	0.94
512
34078719
0.01	-0.01	-0.01	-0.01	-0.04	-0.01	0.01	0.02	0.02	0.03	0.02	0.02	0.03	0.03	0.02	0.03	0.03	0.03	0.03	0.03	0.03	0.96
4290772992
173924351
0.01	0.01	0.01	0.01	0.01	0.01	0.01	0.01	0.01	0.01	-0.01	-0.01	-0.01	-0.01	-0.01	-0.01	-0.01	-0.01	-0.01	-0.01	-0.01	-0.01	-0.01	-0.01	-0.01	-0.01	-0.01	-0.01	-0.01	-0.01	-0.01	-0.01	0.95
285223423
3211788287
-0.01	-0.01	-0.01	-0.01	-0.01	-0.01	-0.02	-0.03	-0.02	-0.04	-0.02	-0.01	-0.01	-0.01	0.01	0.02	0.01	0.01	0.03	0.01	0.01	0.01	-0.02	-0.02	-0.02	-0.01	-0.01	0.04	0.05	0.05	0.05	0.05	0.05	0.06	0.08	0.08	0.07	0.07	0.07	0.11	0.15	0.11	1.06
3966238716
16762872
-0.02	-0.01	-0.01	-0.02	-0.01	0.01	0.01	0.01	0.01	0.01	0.01	-0.01	0.01	0.01	0.01	0.01	0.01	0.01	0.01	0.02	0.01	0.01	0.01	0.01	-0.01	-0.01	-0.01	-0.01	-0.01	-0.01	-0.01	-0.01	-0.01	-0.01	-0.01	-0.01	-0.01	-0.01	-0.01	-0.02	-0.02	-0.01	1.06
2818570752
804520064
-0.01	-0.01	-0.01	-0.01	-0.01	-0.01	-0.01	-0.01	-0.01	-0.02	-0.03	-0.02	-0.04	-0.05	-0.06	-0.05	-0.04	-0.01	-0.01	0.02	0.01	0.01	0.01	0.01	0.01	0.01	0.01	0.01	0.01	0.01	1.06
384
3145727
-0.01	-0.01	-0.01	-0.01	-0.01	-0.01	-0.01	-0.01	-0.01	-0.01	-0.02	-0.01	-0.01	-0.01	-0.01	-0.01	-0.01	-0.01	-0.01	-0.01	-0.01	-0.01	-0.01	1.05
325632
1034
0.01	0.01	0.01	0.01	0.01	0.01	-0.01	-0.01	-0.01	1.04
3920232448
285664607
0.01	0.01	0.01	0.01	0.01	0.01	0.01	0.01	0.01	-0.01	-0.01	-0.01	-0.01	-0.01	-0.01	-0.01	-0.01	-0.01	-0.01	-0.01	-0.01	-0.01	-0.01	-0.01	1.03
134221824
21102591
-0.01	-0.01	-0.01	-0.01	-0.01	-0.01	-0.01	-0.01	-0.01	-0.01	-0.01	-0.01	-0.01	-0.01	-0.01	-0.01	-0.01	-0.01	-0.01	-0.01	-0.02	1.01
3151327264
268436109
0.01	0.01	0.01	0.01	0.01	0.01	0.01	0.01	0.01	0.01	0.01	0.01	0.01	0.01	0.01	-0.01	-0.01	-0.01	-0.01	-0.01	-0.01	0.99
4278189794
2177892352
0.01	0.01	0.01	0.01	0.01	0.01	0.01	0.01	0.01	0.01	0.01	0.01	0.01	0.01	0.01	0.01	0.01	0.01	0.01	0.01	0.01	0.01	0.01	0.01	0.01	0.01	0.01	0.01	0.01	0.01	0.01	0.99
2
486539263
-0.01	-0.01	-0.01	-0.01	-0.01	-0.01	-0.01	-0.01	-0.01	-0.01	-0.01	-0.01	-0.01	-0.01	-0.01	-0.01	-0.01	-0.01	-0.01	-0.01	-0.01	-0.01	-0.01	-0.01	-0.01	-0.01	-0.01	-0.01	0.97
3959177856
16397
0.01	0.01	0.01	0.01	0.01	0.01	0.01	0.01	0.01	0.01	0.01	0.01	0.01	0.01	0.01	-0.01	-0.01	-0.01	-0.01	0.96
33558528
1053871
0.01	-0.01	-0.01	-0.01	-0.01	-0.01	-0.01	-0.01	-0.01	-0.01	-0.01	0.95
0
2419607033
-0.01	-0.01	-0.01	-0.01	-0.01	-0.01	-0.01	-0.01	-0.01	-0.01	-0.01	-0.01	-0.01	-0.01	0.94
16
16814509
-0.01	-0.01	-0.01	-0.01	-0.01	-0.01	-0.01	-0.01	-0.01	-0.01	0.93
2097152
135168
0.01	-0.01	-0.01	0.92
3892313986
4325392
0.01	0.01	0.01	0.01	0.01	0.01	0.01	0.01	0.01	0.01	0.01	0.01	0.01	0.01	0.01	0.01	0.01	0.01	0.01	0.01	0.01	0.01	0.01	0.01	0.01	0.01	-0.01	0.91
4294946677
1545601024
0.01	0.01	0.01	0.01	0.01	0.01	0.01	0.01	0.01	0.01	0.01	0.01	0.01	0.01	0.01	0.01	0.01	0.01	0.01	0.01	0.01	0.01	0.01	0.01	0.01	0.01	0.01	0.01	0.01	0.01	0.01	0.01	0.91
603979776
273944575
0.01	0.01	-0.01	-0.01	-0.01	-0.01	-0.01	-0.01	-0.01	-0.01	-0.01	-0.01	-0.01	-0.01	-0.01	-0.01	-0.01	-0.01	0.90
0
4096
-0.01	0.89
3758085123
2097152
0.01	0.01	0.01	0.01	0.01	0.01	0.01	0.01	0.01	0.01	0.01	0.01	0.01	0.01	0.01	0.01	0.01	0.01	0.01	0.01	0.01	0.01	0.89
268435456
134299680
-0.01	-0.01	-0.01	-0.01	-0.01	0.89
2349895680
98433551
-0.01	-0.01	-0.01	-0.01	-0.01	-0.01	-0.01	-0.01	-0.01	-0.01	-0.01	-0.01	-0.01	-0.01	-0.01	-0.01	-0.01	-0.01	-0.01	-0.01	-0.01	-0.01	-0.01	-0.01	0.88
671090176
805306368
0.01	0.01	-0.01	0.01	-0.01	-0.01	0.88
1073745025
2164194811
-0.01	-0.01	-0.01	-0.01	-0.01	-0.01	-0.01	-0.01	-0.01	-0.01	-0.01	-0.01	-0.01	-0.01	-0.01	-0.01	-0.01	-0.01	-0.01	-0.01	-0.01	-0.01	-0.01	-0.01	-0.01	-0.01	-0.01	0.87
0
33558529
-0.01	-0.01	-0.01	0.87
806686656
902816856
-0.01	-0.01	-0.01	-0.01	-0.01	-0.01	-0.01	-0.01	-0.01	-0.01	-0.01	-0.01	-0.01	-0.01	-0.01	-0.01	-0.01	-0.01	-0.01	-0.01	-0.01	-0.01	-0.01	-0.01	-0.01	-0.01	-0.01	-0.01	0.87
150999336
74186751
-0.01	-0.01	-0.01	-0.01	-0.01	-0.01	-0.01	-0.01	-0.01	-0.01	-0.01	-0.01	-0.01	-0.01	-0.01	-0.01	-0.01	-0.01	-0.01	-0.01	-0.01	-0.01	-0.01	-0.01	-0.01	-0.01	-0.01	-0.01	0.86
4096
319815684
-0.01	-0.01	-0.01	-0.01	-0.01	-0.01	0.86
11828675
2952790015
-0.01	-0.01	-0.01	-0.01	-0.01	-0.01	-0.01	-0.01	-0.01	-0.01	-0.01	-0.01	-0.01	-0.01	-0.01	-0.01	0.01	-0.01	-0.02	-0.02	-0.02	0.03	0.65	0.69	0.47	0.08	0.07	0.07	0.08	0.08	0.07	0.07	0.08	0.08	0.08	0.07	0.07	0.07	0.07	0.07	0.05	0.05	0.06	0.06	0.93
3747084292
1061887
-0.01	-0.01	-0.02	-0.03	-0.05	-0.04	-0.03	0.01	0.01	0.01	0.01	0.01	0.01	0.01	0.01	0.01	0.01	0.01	-0.01	-0.01	-0.01	-0.01	-0.01	-0.01	-0.01	-0.01	-0.01	-0.01	-0.01	-0.01	-0.01	0.91
3471114240
8389121
0.01	0.01	0.01	0.01	0.01	0.01	0.01	0.01	0.01	0.01	-0.01	0.01	-0.01	0.90
4293919264
2048
0.01	0.01	0.01	0.01	0.01	0.01	0.01	0.01	0.01	0.01	0.01	0.01	0.01	0.01	-0.01	0.88
4294967295
0
0.02	0.02	0.01	0.02	0.02	0.01	0.02	0.01	0.01	0.01	0.02	0.01	0.01	0.01	0.01	0.01	0.01	0.01	0.01	0.01	0.01	0.01	0.01	0.01	0.01	0.01	0.01	0.01	0.01	0.01	0.01	0.01	0.87
4194304000
268374017
0.01	0.01	0.01	0.01	0.01	0.01	-0.01	-0.01	-0.01	-0.01	-0.01	-0.01	-0.01	-0.01	-0.01	-0.01	-0.01	-0.01	-0.01	0.01	0.87
4261412864
69735424
0.01	0.01	0.01	0.01	0.01	0.01	0.01	-0.01	-0.01	-0.01	-0.01	-0.01	0.95
4286562304
2228287
-0.01	0.01	-0.08	-0.10	-0.05	-0.02	-0.01	-0.01	-0.01	-0.03	-0.05	-0.05	-0.05	-0.05	-0.05	-0.05	-0.01	0.01	0.01	-0.01	-0.03	-0.04	-0.04	-0.03	-0.03	0.94
4294909911
3942646864
-0.02	-0.02	-0.03	-0.02	-0.02	-0.03	-0.04	-0.05	-0.05	-0.05	-0.05	-0.04	-0.04	-0.04	-0.04	-0.04	-0.02	-0.03	-0.02	0.01	0.01	0.01	0.01	0.01	0.01	0.01	0.01	0.01	0.01	0.01	0.01	0.01	0.01	-0.01	-0.01	-0.01	0.93
4095737858
16777215
0.01	0.01	0.01	0.01	0.01	0.01	0.01	0.01	0.02	0.01	0.02	0.32	0.19	0.07	0.05	0.06	0.07	0.08	0.06	0.05	0.05	0.04	0.04	0.03	0.03	0.03	0.03	0.03	0.03	0.04	0.03	0.96
272506879
4294966819
0.01	0.01	0.03	0.02	0.01	0.01	-0.01	-0.01	-0.01	-0.01	-0.01	-0.01	-0.01	-0.01	-0.01	-0.01	-0.01	-0.02	-0.02	-0.02	-0.03	-0.03	-0.03	-0.03	-0.03	-0.03	-0.03	-0.03	-0.03	-0.02	-0.02	-0.02	-0.02	-0.02	-0.02	-0.02	-0.02	-0.02	-0.03	-0.02	-0.02	-0.02	0.01	0.01	0.02	1.00
2147483645
2684354563
0.03	0.03	0.03	0.05	0.04	0.03	0.03	0.02	0.03	0.02	0.02	0.02	0.02	0.02	0.02	0.02	0.02	0.01	0.01	0.01	0.01	0.01	0.01	0.01	0.01	0.01	0.01	0.01	0.01	0.01	0.01	0.01	-0.01	-0.01	0.99
1022
44040287
0.01	0.01	0.01	0.01	0.01	0.01	0.01	0.01	0.01	0.01	0.01	0.01	0.01	0.01	0.01	0.01	0.02	0.02	-1.00
4294967168
0
2.02	2.01	2.02	2.02	2.02	2.02	2.02	2.02	2.02	2.02	2.02	2.02	2.02	2.02	2.02	2.03	2.02	2.03	2.03	2.02	2.03	2.03	2.03	2.02	2.03	