0.3
3758096384
0
3.7	-0.3	-0.1	0.3
0
0
0.3
0
0
0.3
0
0
0.3
0
0
0.3
0
12
0.1	0.1	0.3
0
0
0.3
0
0
0.3
0
0
0.3
0
0
0.3
0
0
0.3
0
0
0.3
0
15
0.1	0.1	0.1	0.1	0.4
2147483712
0
0.4	-0.1	0.3
0
0
0.3
0
0
0.3
0
0
0.3
0
0
0.3
0
0
0.3
0
0
0.3
0
0
0.3
0
0
0.3
0
0
0.3
0
0
0.3
0
0
0.3
0
0
0.3
0
0
0.3
0
0
0.3
0
0
0.3
0
0
0.3
0
0
0.3
0
0
0.3
0
0
0.3
0
0
0.3
0
0
0.3
0
0
0.3
0
0
0.3
0
0
0.3
0
0
0.3
0
0
0.3
0
0
0.3
8
0
0.1	0.3
0
1048576
0.1	0.3
0
0
0.3
0
0
0.3
0
0
0.3
0
0
0.3
0
0
0.3
0
0
0.3
2147483648
131078
0.3	0.1	-0.1	0.1	0.4
0
0
0.4
0
0
0.4
0
4190208
-0.1	-0.1	-0.1	-0.1	-0.1	-0.1	-0.1	-0.1	-0.1	-0.1	0.4
0
0
0.4
0
0
0.4
0
0
0.4
0
1023
-0.1	-0.1	-0.1	-0.1	-0.1	-0.1	-0.1	-0.1	-0.1	-0.1	0.3
2148139011
3213232
0.3	0.1	-0.1	0.1	-0.1	0.1	-0.1	0.1	-0.1	0.1	-0.1	0.1	-0.1	0.1	0.4
536903808
268571727
-0.1	-0.1	-0.1	-0.1	-0.1	-0.1	-0.1	-0.1	-0.1	-0.1	-0.1	-0.1	0.4
4049691173
634961944
0.4	-0.1	0.1	-0.1	0.1	-0.1	0.1	-0.1	0.1	-0.1	0.1	-0.1	0.1	-0.1	0.1	-0.1	0.1	-0.1	0.1	-0.1	0.1	-0.1	0.1	-0.1	0.1	0.4
303056904
54534148
-0.1	-0.1	-0.1	-0.1	-0.1	-0.1	-0.1	-0.1	-0.1	-0.1	-0.1	0.4
2160072706
1149648359
0.4	-0.1	0.1	-0.1	0.1	-0.1	0.1	-0.1	0.1	-0.1	0.1	-0.1	0.1	-0.1	0.1	-0.1	0.1	-0.1	0.1	-0.1	0.1	-0.1	0.3
3090155056
3640655872
0.3	0.1	-0.1	0.1	-0.1	0.1	-0.1	0.1	-0.1	0.1	-0.1	0.1	-0.1	0.1	-0.1	0.3
0
0
0.3
0
0
0.3
0
0
0.3
0
1048832
0.1	0.1	0.4
2312120321
2418017280
-0.1	-0.1	-0.1	-0.1	-0.1	-0.1	-0.1	-0.1	-0.1	-0.1	-0.1	-0.1	-0.1	0.4
16777344
2147487744
-0.1	-0.1	-0.1	-0.1	0.4
0
0
0.4
2147581960
4080583040
0.4	-0.1	0.1	-0.1	0.1	-0.1	0.1	-0.1	0.1	-0.1	0.1	-0.1	0.1	-0.1	0.1	-0.1	0.1	0.4
0
0
0.4
0
0
0.4
0
0
0.4
0
0
0.4
0
0
0.4
512
0
-0.1	0.4
0
0
0.4
0
0
0.4
0
511
-0.1	-0.1	-0.1	-0.1	-0.1	-0.1	-0.1	-0.1	-0.1	0.3
33554432
63
0.1	0.1	0.1	0.1	0.1	0.1	0.1	0.4
134217728
0
-0.1	0.4
0
0
0.4
0
0
0.4
0
4096
-0.1	0.4
0
36864
0.2	0.3	0.4
201326592
0
0.2	0.1	0.4
2199912704
0
0.4	0.1	0.1	-0.1	-0.1	0.4
0
0
0.4
0
0
0.4
0
0
0.4
0
0
0.4
0
0
0.4
0
0
0.4
0
0
0.4
0
0
0.4
0
0
0.4
0
0
0.4
0
0
0.4
0
0
0.4
0
0
0.4
0
0
0.4
0
0
0.4
0
0
0.4
0
0
0.4
0
0
0.4
0
0
0.4
0
0
0.4
0
0
0.4
0
0
0.4
0
0
0.4
0
0
0.4
0
0
0.4
0
0
0.4
0
0
0.4
0
0
0.4
0
0
0.4
0
0
0.4
0
0
0.4
0
0
0.4
0
0
0.4
0
0
0.4
0
0
0.4
0
0
0.4
0
0
0.4
0
0
0.4
0
0
0.4
0
24576
0.1	0.1	0.4
0
0
0.4
0
0
0.4
0
0
0.4
409600
0
0.1	0.1	0.1	0.4
0
0
0.4
0
0
0.4
0
0
0.4
0
0
0.4
0
0
0.4
0
0
0.4
0
0
0.4
0
0
0.4
0
0
0.4
0
0
0.4
0
0
0.4
0
0
0.4
0
0
0.4
262151
4261412864
0.1	0.1	0.1	0.1	0.1	0.1	0.1	0.1	0.1	0.1	0.1	0.4
0
0
0.4
0
0
0.4
0
0
0.4
0
0
0.4
0
0
0.4
0
0
0.4
0
0
0.4
0
0
0.4
0
0
0.4
0
0
0.4
0
0
0.4
0
0
0.4
0
655360
0.1	0.1	0.4
2555929356
31469574
0.4	0.1	-0.1	0.1	-0.1	0.1	-0.1	0.1	-0.1	0.1	-0.1	0.1	-0.1	0.1	-0.1	0.1	-0.1	0.1	-0.1	0.1	0.5
3271557856
16624
0.5	-0.1	0.1	-0.1	0.1	-0.1	0.1	-0.1	0.1	-0.1	0.2	0.1	-0.4	0.3
0
0
0.3
0
0
0.3
0
0
0.3
0
2
0.1	0.4
3540003156
8192
-0.1	-0.1	-0.1	-0.1	-0.1	-0.1	-0.1	-0.1	-0.1	-0.1	-0.1	-0.1	0.4
0
0
0.4
0
0
0.4
0
0
0.4
0
0
0.4
0
0
0.4
0
0
0.4
0
0
0.4
0
0
0.4
0
0
0.4
0
16777216
0.1	0.4
0
0
0.4
0
0
0.4
12582912
0
0.1	0.1	0.4
0
0
0.4
0
0
0.4
0
0
0.4
0
0
0.4
0
0
0.4
0
0
0.4
0
0
0.4
0
0
0.4
0
0
0.4
0
0
0.4
0
0
0.4
0
0
0.4
0
0
0.4
0
0
0.4
0
0
0.4
0
0
0.4
0
0
0.4
0
0
0.4
0
0
0.4
0
0
0.4
0
0
0.4
0
0
0.4
0
0
0.4
0
0
0.4
0
0
0.4
0
0
0.4
0
0
0.4
0
0
0.4
0
0
0.4
0
0
0.4
0
0
0.4
2147483656
268435968
0.4	0.1	-0.1	0.1	0.5
2147496448
1074003968
-0.1	-0.1	-0.1	-0.1	-0.1	-0.1	0.5
0
0
0.5
0
0
0.5
8
0
-0.1	0.5
0
0
0.5
0
1
-0.1	0.5
2218786816
65536
0.5	-0.1	0.1	-0.1	0.5
4261478400
4096
-0.1	-0.1	-0.1	-0.1	-0.1	-0.1	-0.1	-0.1	-0.1	0.5
134217728
0
-0.1	0.5
0
0
0.5
4097
0
-0.1	-0.1	0.5
1073741824
268960000
-0.1	-0.1	-0.1	-0.1	0.5
64
268603476
-0.1	-0.1	-0.1	-0.1	-0.1	-0.1	-0.1	-0.1	0.5
2348895288
871196604
0.5	-0.1	0.1	-0.1	0.1	-0.1	0.1	-0.1	0.1	-0.1	0.1	-0.1	0.1	-0.1	0.1	-0.1	0.1	-0.1	0.1	-0.1	0.1	-0.1	0.1	-0.1	0.1	-0.1	0.1	-0.1	0.1	-0.1	0.4
2822373376
671088642
0.1	0.1	0.1	0.1	0.1	0.1	0.1	0.1	0.1	0.1	0.4
0
0
0.4
0
0
0.4
0
0
0.4
0
0
0.4
0
0
0.4
0
0
0.4
0
0
0.4
0
0
0.4
0
0
0.4
0
2
0.1	0.4
131072
34
0.1	0.1	0.1	0.4
536870944
34238812
0.1	0.1	0.1	0.1	0.1	0.1	0.1	0.1	0.1	0.1	0.1	0.1	0.1	0.4
68509760
107085826
0.1	0.1	0.1	0.1	0.1	0.1	0.1	0.1	0.1	0.1	0.1	0.1	0.1	0.5
3349148224
1006663872
0.5	-0.1	0.1	-0.1	0.1	-0.1	0.1	-0.1	0.1	-0.1	0.1	-0.1	0.1	-0.1	0.1	-0.1	0.1	-0.1	0.1	-0.1	0.1	-0.1	0.1	-0.1	0.1	-0.1	0.1	0.5
268601408
536952872
-0.1	-0.1	-0.1	-0.1	-0.1	-0.1	-0.1	-0.1	-0.1	-0.1	0.5
71307264
167792640
-0.1	-0.1	-0.1	-0.1	-0.1	-0.1	-0.1	0.5
16777216
268435458
-0.1	-0.1	-0.1	0.5
2097152
0
-0.1	0.5
0
0
0.5
0
0
0.5
2147483648
935329856
0.5	-0.1	0.1	-0.1	0.1	-0.1	0.1	-0.1	0.1	0.5
0
0
0.5
0
0
0.5
0
0
0.5
0
0
0.5
0
0
0.5
0
2621440
-0.1	0.2	0.5
0
0
0.5
2147483648
18087936
0.5	-0.1	0.1	-0.1	0.5
4026531840
16384
-0.1	-0.1	-0.1	-0.1	-0.1	0.5
0
0
0.5
0
30719
0.1	0.1	0.1	0.1	0.1	0.1	0.1	0.1	0.1	0.1	0.1	0.1	0.1	0.1	0.6
0
0
0.6
0
0
0.6
2155872256
264448
0.6	0.1	0.1	-0.1	0.1	0.8
2147483648
1048576
0.8	0.1	0.9
2181095424
50496512
0.9	0.1	0.1	-0.1	0.1	-0.1	0.1	-0.1	0.1	0.1	1.2
2147483648
268664832
1.2	0.1	0.1	-0.1	0.1	1.5
2216689664
3840
1.5	-0.1	0.1	0.2	-0.1	0.1	0.1	1.8
3225419842
4229264
1.8	-0.1	-0.1	0.1	0.1	-0.1	0.1	0.1	0.1	-0.1	1.9
2147483648
655424
1.9	0.1	0.1	0.1	2.1
3766353920
0
0.1	0.1	0.1	0.1	0.1	0.1	0.1	0.1	0.1	2.1
2151776546
2147483648
2.1	0.1	-0.1	0.1	0.1	-0.1	0.1	-0.1	2.3
2449498112
33689888
2.3	0.1	-0.1	-0.1	0.1	-0.1	0.1	-0.1	0.1	0.1	2.4
2164260864
419615880
2.4	-0.1	-0.1	0.1	0.1	0.1	0.1	0.1	0.1	-0.1	-0.1	-0.1	2.5
2415984640
24
2.5	-0.1	-0.1	0.1	-0.1	2.3
2147483684
65536
2.3	-0.1	0.1	-0.1	2.2
2147483649
0
2.2	-0.1	2.1
2147483650
1107296256
2.1	-0.1	0.1	-0.1	2.0
2147483664
0
2.0	-0.1	1.9
2147485576
2183825776
1.9	0.1	0.1	-0.1	0.1	0.1	0.1	0.1	0.1	0.1	0.1	-0.1	-0.1	-0.1	-0.1	0.1	-0.1	2.3
2952790017
1076232192
2.3	-0.1	0.1	0.3	-0.3	0.1	-0.1	0.1	2.4
235003904
0
-0.1	-0.1	-0.1	-0.1	-0.1	-0.1	-0.1	2.4
2151677984
0
2.4	0.1	-0.1	2.3
4291297280
0
0.1	0.1	0.1	0.1	0.1	0.1	0.1	0.1	0.1	0.1	0.1	2.3
2147490818
16777312
2.3	-0.1	0.1	-0.1	0.1	-0.1	0.1	-0.1	2.2
2147484148
2953052672
2.2	-0.1	0.1	-0.1	0.1	-0.1	0.1	-0.1	0.1	-0.1	0.1	-0.1	2.1
2147549184
352
2.1	0.1	-0.1	0.1	-0.1	2.1
2147483664
2013265920
2.1	-0.1	0.1	-0.1	0.1	-0.1	2.0
2147550208
1073775616
2.0	0.1	0.1	-0.1	-0.1	0.1	2.0
2246819369
1107296260
2.0	0.1	-0.1	0.1	-0.1	0.1	-0.1	0.1	0.1	0.1	0.1	0.1	0.1	0.1	0.1	-0.1	-0.1	-0.1	-0.1	-0.1	-0.1	2.2
2164326400
1838293068
2.2	0.1	-0.1	-0.1	0.1	0.1	0.1	0.1	0.1	0.1	-0.1	0.1	-0.1	-0.1	0.1	2.7
4174054048
2449474048
2.7	0.1	0.1	0.1	0.1	0.1	-0.1	0.1	0.1	0.1	0.1	-0.1	-0.1	-0.1	-0.1	-0.1	-0.1	2.9
2147535376
276840512
2.9	-0.1	0.1	-0.1	0.1	0.1	-0.1	0.1	0.1	-0.1	3.0
2417262593
69206016
3.0	-0.1	0.1	0.1	0.1	0.1	-0.1	-0.1	3.1
2147483712
14336
3.1	-0.1	-0.1	0.1	-0.1	2.9
2149580802
428546
2.9	0.1	-0.1	0.1	0.1	0.1	0.1	0.1	0.1	3.5
2449605632
134218016
3.5	-0.1	-0.1	-0.1	-0.1	-0.1	0.1	-0.1	3.0
2147483824
1107593216
3.0	0.1	0.1	0.1	-0.1	-0.1	-0.1	0.1	-0.1	3.0
0
68607
-0.1	-0.1	-0.1	-0.1	-0.1	-0.1	-0.1	-0.1	-0.1	-0.1	-0.1	-0.1	2.9
0
8191
0.1	0.1	0.1	0.2	0.2	0.2	0.2	0.1	0.1	0.1	0.1	0.1	0.1	3.0
2189443072
0
3.0	-0.1	0.1	-0.1	2.9
2416705554
8390656
2.9	0.1	-0.1	0.1	-0.1	0.1	-0.1	0.1	2.9
2155905024
2684882960
2.9	0.1	-0.1	0.1	0.1	-0.1	0.1	-0.1	3.0
2147484290
541069312
3.0	-0.1	-0.1	0.1	0.1	0.1	-0.1	3.0
2147640352
0
3.0	-0.1	0.1	-0.1	0.1	-0.1	2.9
2147491844
268435491
2.9	0.1	0.1	-0.1	0.1	0.1	-0.1	3.1
2214592512
4096
3.1	-0.1	-0.1	2.9
2147506757
2415919616
2.9	0.1	-0.1	-0.1	0.1	0.1	0.1	-0.1	0.1	-0.1	-0.1	2.9
0
0
2.9
2608857088
134234112
2.9	-0.1	0.1	-0.1	0.1	-0.1	0.1	-0.1	2.8
2147483904
0
2.8	-0.1	2.7
2147485696
0
2.7	-0.1	2.5
4293394432
0
0.1	0.1	0.1	0.1	0.1	0.1	0.1	0.1	0.1	0.1	0.1	0.1	2.5
2147483763
0
2.5	-0.1	0.1	-0.1	0.1	-0.1	2.4
2147483651
536870912
2.4	-0.1	0.1	-0.1	2.3
2147483648
528533505
2.3	-0.1	0.1	-0.1	0.1	-0.1	0.1	-0.1	0.1	-0.1	0.1	2.2
16
0
0.1	2.2
2147483904
0
2.2	-0.1	2.1
2147483648
1835008
2.1	-0.1	0.1	-0.1	2.0
0
0
1.9
4294705152
0
0.1	0.1	0.1	0.1	0.1	0.1	0.1	0.1	0.1	0.1	0.1	0.1	0.1	0.1	1.9
0
4223
-0.1	-0.1	-0.1	-0.1	-0.1	-0.1	-0.1	-0.1	1.8
0
0
1.8
2147483648
77824
1.8	-0.1	0.1	-0.1	1.7
2147551233
917504
1.7	0.1	-0.1	0.1	-0.1	0.1	-0.1	1.7
0
0
1.7
0
2101248
-0.1	-0.1	1.6
4261412864
0
0.1	0.1	0.1	0.1	0.1	0.1	0.1	1.6
0
0
1.6
2147483648
1310721088
1.6	0.1	-0.1	0.1	-0.1	0.1	-0.1	0.1	1.7
2248351968
402653440
1.7	0.1	-0.1	-0.1	0.1	-0.1	-0.1	0.1	0.1	-0.1	0.1	-0.1	1.6
0
0
1.6
2147877904
29360128
1.6	0.1	-0.1	0.1	-0.1	0.1	-0.1	0.1	1.6
3925868544
0
0.1	0.1	0.1	0.1	0.1	1.6
0
0
1.6
0
0
1.6
2147596317
0
1.6	-0.1	0.1	-0.1	0.1	-0.1	0.1	-0.1	0.1	-0.1	1.5
0
127
0.1	0.1	0.1	0.1	0.1	0.1	0.1	1.6
2147610624
1048580
1.6	-0.1	0.1	-0.1	0.1	-0.1	0.1	-0.1	1.5
0
0
1.5
0
0
1.5
0
0
1.5
0
0
1.5
2147483648
268435462
1.5	-0.1	0.1	-0.1	1.4
2147483904
6
1.4	0.1	-0.1	0.1	1.5
2717909024
0
1.5	-0.1	0.1	-0.1	1.4
0
0
1.4
0
0
1.4
0
0
1.4
2147483648
2172682240
1.4	0.1	-0.1	0.1	-0.1	1.4
2147483696
75417614
1.4	0.1	-0.1	0.1	-0.1	0.1	-0.1	0.1	-0.1	0.1	-0.1	0.1	-0.1	0.1	-0.1	0.1	1.4
3892322304
0
0.1	0.1	0.1	0.1	0.1	1.4
0
1
-0.1	1.3
0
251
0.1	0.1	0.1	0.1	0.1	0.1	0.1	1.3
4060315648
0
0.1	0.1	0.1	0.1	0.1	0.1	0.1	0.1	1.3
0
0
1.3
0
0
1.3
129
1610088448
-0.1	-0.1	-0.1	-0.1	-0.1	-0.1	-0.1	-0.1	-0.1	-0.1	-0.1	-0.1	-0.1	1.2
2282196224
0
1.2	0.1	-0.1	0.1	-0.1	0.1	-0.1	0.1	-0.1	1.2
0
0
1.2
0
0
1.2
0
4097
-0.1	-0.1	1.1
0
0
1.1
0
0
1.1
0
0
1.1
0
0
1.1
0
0
1.1
2147483650
2013265920
1.1	-0.1	0.1	-0.1	0.1	-0.1	1.0
0
0
1.0
0
0
1.0
0
0
1.0
0
0
1.0
0
0
1.0
0
0
1.0
0
0
1.0
0
0
1.0
0
0
1.0
0
0
1.0
0
0
1.0
32
0
-0.1	1.0
0
0
1.0
2357197792
805306368
1.0	-0.1	0.1	-0.1	0.1	-0.1	0.1	-0.1	0.1	-0.1	0.1	-0.1	0.1	-0.1	0.1	-0.1	0.1	-0.1	0.1	-0.1	0.1	-0.1	0.9
2147491841
2151153664
0.9	0.1	-0.1	0.1	-0.1	0.1	-0.1	0.9
2147484928
268435523
0.9	0.1	-0.1	0.1	-0.1	0.1	-0.1	0.9
2176850688
2015383552
0.9	0.1	-0.1	0.1	-0.1	0.1	-0.1	0.1	-0.1	0.1	-0.1	0.1	-0.1	0.1	-0.1	0.9
4194304
0
0.1	0.9
0
16383
0.1	0.1	0.1	0.1	0.1	0.1	0.1	0.1	0.1	0.1	0.1	0.1	0.1	0.1	1.0
0
8
-0.1	1.0
2420015872
1074282500
1.0	-0.1	0.1	-0.1	0.1	-0.1	0.1	-0.1	0.1	-0.1	0.1	-0.1	0.1	0.1	1.1
3355443200
2621560
-0.1	-0.1	-0.1	-0.1	-0.1	-0.1	-0.1	-0.1	-0.1	1.0
3309306880
0
1.0	0.1	-0.1	0.1	-0.1	0.1	1.1
0
137296
-0.1	-0.1	-0.1	-0.1	-0.1	1.1
2308112408
117655296
1.1	-0.1	0.1	-0.1	0.1	-0.1	0.1	-0.1	0.1	-0.1	0.1	-0.1	0.1	-0.1	0.1	-0.1	0.1	-0.1	1.0
0
0
1.0
0
0
1.0
0
0
1.0
0
0
1.0
0
0
1.0
0
0
1.0
0
1024
-0.1	1.0
2178951050
0
1.0	-0.1	0.1	-0.1	0.1	-0.1	0.1	-0.1	0.1	-0.1	0.1	-0.1	0.9
0
0
0.9
0
0
0.9
0
0
0.9
0
0
0.9
0
0
0.9
0
0
0.9
0
0
0.9
0
0
0.9
0
0
0.9
0
0
0.9
0
0
0.9
0
0
0.9
0
0
0.9
0
0
0.9
0
0
0.9
0
129499136
-0.1	-0.1	-0.1	-0.1	0.6	0.7	0.4	0.9
0
0
0.9
0
0
0.9
0
0
0.9
0
0
0.9
0
0
0.9
0
0
0.9
4160749629
2181038496
0.9	0.1	-0.1	-0.1	0.1	0.1	-0.1	0.1	-0.1	0.1	-0.1	0.1	-0.1	0.1	-0.1	0.9
256
536870912
0.1	0.1	0.9
2147483648
917504
0.9	0.4	-0.2	-0.1	1.0
2147483662
256
1.0	-0.1	0.1	-0.1	0.1	1.0
134217728
0
0.1	1.0
0
0
1.0
2147483712
0
1.0	-2.0	