0.29
3851486006
8781824
3.71	-0.29	-0.06	0.01	0.01	0.01	0.01	0.01	0.01	0.01	0.01	0.01	0.01	0.01	0.01	0.01	0.01	0.29
4096
2098176
-0.01	-0.01	-0.01	0.28
1577070592
256
0.01	0.01	0.01	0.01	0.01	0.01	0.01	-0.01	0.27
3757831168
80
0.01	0.01	0.01	0.01	0.01	0.01	0.01	0.01	0.01	0.01	0.01	0.01	0.01	0.01	0.01	0.01	0.01	0.01	0.01	-0.01	-0.01	0.27
2793504819
3293052928
0.27	-0.01	0.01	-0.01	0.01	-0.01	0.01	-0.01	0.01	0.02	-0.02	-0.01	0.01	-0.01	0.01	-0.01	0.26
0
67084287
0.01	0.02	0.02	0.02	0.01	0.01	0.01	0.01	0.01	0.01	0.01	0.01	0.01	0.01	0.01	0.01	0.02	0.02	0.01	0.05	0.14	0.11	0.08	0.05	0.27
4217380864
0
0.02	0.01	0.01	0.01	0.01	0.01	0.01	0.01	0.01	0.01	0.27
2147483648
841629699
0.27	-0.01	0.01	0.01	-0.01	0.01	0.01	-0.01	0.01	-0.01	0.28
130023680
4253
0.01	0.01	0.01	0.01	0.01	-0.01	-0.01	-0.01	-0.01	-0.01	-0.01	-0.01	0.27
2684355078
33554432
0.01	0.01	0.01	0.01	0.01	0.01	0.27
536870912
0
0.01	0.27
2102276
8396779
-0.01	-0.01	-0.01	-0.01	-0.01	-0.01	-0.01	-0.01	-0.01	-0.01	-0.01	-0.01	-0.01	-0.01	-0.01	-0.01	0.27
2151680000
271056895
-0.01	-0.01	-0.01	-0.01	0.01	0.01	0.01	0.03	0.04	0.03	0.03	0.03	0.03	0.02	0.02	0.03	0.03	0.04	0.04	0.05	0.09	0.14	0.16	0.18	0.44
3633977332
6528
0.44	0.01	-0.02	0.01	-0.01	-0.01	0.01	-0.01	-0.01	-0.01	-0.01	-0.01	-0.02	-0.01	-0.01	-0.01	-0.01	-0.01	0.01	-0.01	0.01	0.31
3533832704
0
0.01	0.01	0.01	0.01	0.01	0.01	0.01	0.01	0.31
2483150910
3221274624
0.31	-0.01	0.01	-0.01	0.01	-0.01	0.01	-0.01	0.01	-0.01	0.01	-0.01	0.01	-0.01	-0.01	0.01	0.30
4105
1103773662
-0.01	-0.01	-0.01	-0.01	-0.01	-0.01	-0.01	-0.01	-0.01	-0.01	-0.01	-0.01	-0.01	-0.01	-0.01	-0.01	-0.01	-0.01	-0.01	-0.01	-0.01	0.30
4194287616
268468225
-0.01	-0.01	-0.01	-0.01	-0.01	-0.01	-0.01	-0.01	-0.01	-0.01	-0.01	-0.01	-0.01	-0.01	-0.01	-0.01	-0.01	-0.01	-0.01	0.30
6292480
2503024632
-0.01	-0.01	-0.01	-0.01	-0.01	-0.01	-0.01	-0.01	-0.01	-0.01	-0.01	-0.01	-0.01	-0.01	-0.01	-0.01	-0.01	-0.01	-0.01	-0.01	0.29
2693301516
755851471
0.01	0.01	-0.01	-0.01	-0.01	-0.01	-0.01	-0.01	-0.01	-0.01	-0.01	-0.01	-0.01	-0.01	-0.01	-0.01	-0.01	-0.01	-0.01	-0.01	-0.01	-0.01	-0.01	-0.01	0.28
2147484160
544
0.01	0.01	0.01	-0.01	0.28
0
0
0.28
0
17301504
-0.01	-0.01	0.28
67108864
2097152
-0.01	-0.01	0.28
0
1074266368
-0.01	-0.01	-0.01	0.28
268697729
272761024
-0.01	-0.01	-0.01	-0.01	-0.01	-0.01	-0.01	-0.01	-0.01	0.27
4160668544
539246594
0.01	0.01	0.01	0.01	0.01	0.01	0.01	0.01	0.01	0.01	0.01	0.01	0.01	0.01	0.01	0.01	0.01	0.01	0.01	0.01	0.01	0.01	0.01	0.01	0.27
268582913
140713983
0.01	0.01	-0.01	0.01	0.01	0.01	0.01	0.01	0.01	0.01	0.01	0.01	0.01	0.01	0.01	0.02	0.02	0.02	0.01	0.01	0.02	0.02	0.28
2803551105
134217728
0.01	0.01	0.01	0.01	0.01	0.01	0.01	0.01	0.01	0.01	0.01	0.01	0.01	0.01	-0.01	-0.01	0.28
2147483648
0
-0.01	0.28
4106
4228120704
-0.01	-0.01	-0.01	-0.01	-0.01	-0.01	-0.01	-0.01	-0.01	-0.01	-0.01	0.29
4027252736
167772160
-0.01	-0.01	-0.01	-0.01	-0.01	-0.01	-0.01	-0.01	-0.01	0.29
0
103
0.01	0.01	-0.01	-0.01	-0.01	0.28
2147483650
6528
0.28	0.01	-0.01	0.01	-0.01	0.01	0.29
268435460
67108864
-0.01	0.01	-0.01	0.29
2147484102
3221225600
0.29	0.01	-0.01	0.01	-0.01	0.01	-0.01	-0.01	0.01	0.29
2150696464
54722668
0.29	0.01	-0.01	-0.01	0.01	-0.01	0.01	0.01	-0.01	0.01	-0.01	0.01	-0.01	0.01	-0.01	0.01	0.30
4259840
335544320
-0.01	-0.01	-0.01	-0.01	0.31
3397417008
2843748359
0.31	-0.01	-0.01	-0.01	0.01	-0.01	0.01	-0.01	0.01	0.01	-0.01	0.01	-0.01	0.01	-0.01	0.01	-0.01	0.01	-0.01	0.01	-0.01	0.30
8392704
553910271
-0.01	-0.01	-0.01	-0.01	-0.01	-0.01	-0.01	-0.01	-0.01	-0.01	-0.01	-0.01	-0.01	-0.01	-0.01	-0.01	-0.01	-0.01	-0.01	-0.01	-0.01	-0.01	0.29
0
131072
-0.01	0.29
31
4261543936
0.01	0.09	0.06	0.03	0.03	0.02	0.02	0.03	0.02	0.02	0.02	0.01	0.01	0.29
2155101935
2692235925
0.29	0.01	-0.01	0.01	-0.01	0.01	0.04	-0.02	-0.01	-0.01	0.01	-0.01	0.02	-0.02	-0.01	-0.01	0.02	-0.01	-0.01	0.01	-0.01	0.10	-0.08	-0.01	0.01	-0.02	0.01	0.01	-0.01	0.29
4191682576
16376
-0.01	-0.01	-0.01	-0.01	-0.01	-0.01	-0.01	-0.01	-0.01	-0.01	-0.01	0.01	0.03	0.03	0.02	0.03	0.02	0.02	0.03	0.01	0.01	0.01	0.30
3269459968
0
-0.01	-0.01	0.01	0.01	0.01	0.01	0.30
0
8194
0.01	0.01	0.30
346030080
24640144
0.01	0.01	0.01	0.01	0.01	0.01	0.01	0.01	0.01	0.01	0.01	0.01	0.01	0.01	0.01	0.01	0.01	0.01	0.01	0.30
2172438
2179276864
0.01	0.01	0.01	0.01	0.01	0.01	0.01	0.01	0.01	0.01	0.01	0.01	0.01	0.01	0.01	0.01	-0.01	0.30
0
496
0.01	0.01	0.01	0.01	0.01	0.29
2802502189
4161743058
0.29	0.01	0.01	-0.02	0.01	0.01	-0.01	0.01	-0.01	0.01	0.01	-0.01	-0.01	0.01	0.01	0.02	-0.01	-0.01	-0.01	0.01	0.01	0.02	0.02	0.01	-0.01	0.01	-0.01	-0.01	-0.01	0.01	0.36
4294885376
257
0.01	0.01	0.03	0.03	0.04	0.04	0.04	0.04	0.03	0.03	0.03	0.02	0.01	0.01	0.02	-0.01	-0.01	-0.01	-0.01	0.36
2101248
2148802560
-0.01	-0.01	-0.01	-0.01	-0.01	-0.01	0.36
0
4194000
-0.02	-0.02	-0.03	-0.03	-0.02	-0.04	-0.03	-0.03	-0.02	-0.01	-0.01	-0.01	-0.01	-0.01	-0.01	-0.01	0.36
67
0
-0.01	-0.01	-0.01	0.37
4292353794
8405002
-0.01	-0.01	-0.01	-0.01	-0.01	-0.01	-0.01	-0.01	-0.01	0.02	0.02	0.01	-0.01	-0.01	-0.01	-0.01	-0.01	-0.01	-0.01	-0.01	-0.01	-0.01	0.36
3933306912
644875296
0.01	0.01	0.01	0.01	0.01	0.01	0.01	0.01	0.01	0.01	0.01	0.01	0.01	0.01	0.01	0.01	0.01	0.01	0.01	0.36
18208
6194175
0.01	0.01	0.01	0.01	0.01	0.01	0.01	0.01	0.01	0.01	0.01	-0.01	-0.02	-0.02	-0.02	-0.02	-0.02	-0.02	-0.02	-0.02	-0.02	0.35
2407658456
4194304
-0.01	-0.01	-0.01	-0.01	-0.01	-0.01	-0.01	-0.01	-0.01	-0.01	-0.01	-0.01	-0.01	-0.01	-0.01	-0.01	-0.01	-0.01	0.35
0
2097152
0.01	0.35
0
0
0.35
0
0
0.35
535
825229312
0.01	0.01	0.01	-0.01	-0.01	0.01	0.01	-0.01	0.03	0.01	0.35
0
1049249
-0.01	-0.01	-0.01	-0.01	-0.01	0.34
4
536870912
-0.01	-0.01	0.34
2148473000
258528
0.34	-0.01	0.01	-0.01	0.01	-0.01	0.01	-0.01	0.01	-0.01	0.01	-0.01	0.01	-0.01	0.01	-0.01	0.01	-0.01	0.01	-0.01	0.33
536870912
16416
0.01	-0.01	0.01	0.33
4009756707
12582912
0.33	0.01	-0.01	0.01	-0.01	0.01	-0.01	0.01	0.01	-0.01	0.01	-0.01	0.01	0.35
0
8192
0.01	0.35
6
46228159
0.01	0.01	0.01	0.01	0.01	0.01	0.01	0.01	0.01	0.01	0.01	0.01	0.01	0.01	0.01	0.01	0.36
2706149545
276955200
-0.01	-0.01	-0.01	-0.01	-0.01	-0.01	-0.01	-0.01	-0.01	-0.01	-0.01	-0.01	-0.01	-0.01	-0.01	-0.01	0.36
4093742976
64
0.36	-0.01	0.01	-0.01	0.01	-0.01	0.01	-0.01	0.01	-0.01	0.01	-0.01	0.02	0.37
5120
128
-0.01	-0.01	-0.01	0.37
4096
0
-0.01	0.37
0
1048576
-0.01	0.37
0
12159
0.01	0.01	0.01	0.01	0.01	0.01	0.01	0.01	0.01	0.01	0.01	0.01	0.38
2420191227
175147027
0.38	-0.01	-0.01	0.01	-0.01	0.01	-0.01	0.01	-0.01	0.01	-0.01	0.01	-0.01	0.01	-0.01	0.01	-0.01	0.01	-0.01	0.01	-0.01	0.01	-0.01	0.01	-0.01	0.01	0.36
4263533097
8388608
0.01	0.01	0.01	0.01	0.01	0.01	0.01	0.01	0.01	-0.01	0.01	-0.01	0.01	0.01	-0.01	0.01	0.36
131106
57344
0.01	0.01	0.01	0.01	0.01	0.01	0.36
0
0
0.36
2097184
973080575
0.01	0.01	0.01	0.01	0.01	0.01	-0.01	-0.01	-0.01	-0.01	-0.01	-0.01	-0.01	-0.01	-0.01	-0.01	-0.01	0.35
2837315750
117628928
0.35	-0.01	0.01	-0.01	-0.01	0.01	-0.01	0.01	-0.01	0.01	-0.01	0.01	0.01	-0.01	0.01	-0.01	0.01	-0.01	0.01	0.36
4289024032
67109888
-0.01	-0.01	-0.01	-0.01	-0.01	-0.01	-0.01	-0.01	-0.01	-0.01	-0.01	-0.01	-0.01	-0.01	-0.01	-0.01	-0.01	0.36
0
4128
0.02	0.01	0.36
41469
2947547137
0.01	0.01	0.01	0.01	0.01	0.01	0.01	0.01	0.01	0.01	0.01	0.01	0.01	0.01	0.01	0.01	0.01	0.01	0.01	-0.01	0.36
2098179
3246419968
-0.01	-0.01	0.01	0.01	0.01	0.01	0.01	0.01	-0.01	-0.01	-0.01	0.36
2563507780
864550559
0.36	-0.01	0.01	-0.01	0.01	-0.01	0.01	0.01	-0.01	0.01	-0.01	0.01	-0.01	0.01	-0.01	0.01	-0.01	0.01	-0.01	0.21	-0.15	-0.05	0.28	-0.25	-0.01	-0.01	-0.01	0.01	-0.01	-0.01	0.01	0.03	0.38
2403603000
438304771
0.38	0.21	-0.13	-0.03	-0.02	-0.01	-0.01	-0.01	-0.01	0.03	-0.03	0.01	0.02	-0.01	-0.01	-0.01	0.04	-0.01	0.39
2482934305
100925711
0.39	-0.01	0.14	0.09	-0.02	-0.02	-0.03	-0.02	-0.01	-0.02	-0.01	-0.01	-0.01	-0.01	-0.01	-0.01	-0.01	0.01	-0.01	-0.01	-0.01	0.01	-0.01	-0.01	0.38
3188060185
8392706
0.01	0.01	0.01	0.01	0.01	0.01	-0.01	-0.01	-0.01	-0.01	-0.01	-0.01	0.01	0.01	0.01	-0.01	-0.01	-0.01	0.38
4196417
1265090560
-0.01	-0.01	-0.01	-0.01	-0.01	-0.01	-0.01	-0.01	-0.01	-0.01	0.01	0.01	0.01	0.01	0.01	0.38
2147484224
1074266368
-0.01	-0.01	-0.01	-0.01	-0.01	-0.01	0.38
537137152
2137530436
-0.01	-0.01	-0.01	0.02	0.02	0.02	0.01	0.01	0.01	0.01	0.01	-0.01	0.01	0.01	-0.01	-0.01	0.38
135266304
268435520
-0.01	-0.01	-0.01	-0.01	0.38
0
0
0.38
8391687
1349454005
-0.01	0.01	-0.01	-0.01	-0.01	-0.01	-0.01	-0.01	-0.01	-0.01	-0.01	-0.01	-0.01	-0.01	-0.01	-0.01	-0.01	-0.01	-0.01	-0.01	0.38
3634924544
2153120256
-0.01	-0.01	-0.01	-0.01	-0.01	-0.01	-0.01	-0.01	-0.01	-0.01	-0.01	-0.01	-0.01	-0.01	-0.01	-0.01	0.38
1074270592
1076101256
-0.01	-0.01	-0.01	-0.01	-0.01	-0.01	-0.01	-0.01	-0.01	-0.01	0.38
82968576
262103
-0.01	0.02	0.04	0.03	0.01	-0.01	0.01	0.03	0.03	0.01	0.02	0.01	0.01	0.01	0.01	0.01	0.01	0.01	0.01	0.01	0.01	0.01	0.39
1151392780
4096
-0.01	-0.01	-0.01	-0.01	-0.01	-0.01	-0.01	-0.01	-0.01	0.02	0.01	-0.01	0.40
4294443012
8392706
-0.01	-0.01	-0.01	-0.01	-0.01	-0.01	-0.01	-0.01	-0.01	-0.01	-0.01	-0.01	-0.01	-0.01	-0.01	-0.01	-0.01	0.39
3943719944
536879112
0.01	0.01	0.01	0.01	0.01	0.01	0.01	0.01	0.01	0.01	0.01	0.01	0.01	-0.01	0.39
2148569616
590080
-0.01	-0.01	-0.01	-0.01	-0.01	-0.01	-0.01	-0.01	-0.01	0.39
664664384
1342177380
-0.01	-0.01	-0.01	-0.01	-0.01	-0.01	-0.01	-0.01	-0.01	-0.01	-0.01	-0.01	-0.01	-0.01	-0.01	0.02	0.01	-0.01	-0.01	-0.01	-0.01	0.38
3822854401
537133184
0.01	0.01	0.01	0.01	0.01	0.01	0.01	0.01	0.01	0.01	0.01	0.01	0.01	0.01	0.01	0.01	0.38
0
989
-0.01	-0.01	-0.01	-0.01	-0.01	-0.01	-0.01	-0.01	0.38
2563118176
224933888
0.38	-0.01	0.01	-0.01	0.01	-0.01	0.01	-0.01	0.01	-0.01	0.01	-0.01	0.01	-0.01	-0.01	0.01	0.01	0.03	-0.01	-0.03	0.37
2147692545
946897596
0.37	0.01	-0.01	0.08	-0.07	-0.01	0.01	-0.01	0.01	-0.01	0.01	-0.01	0.01	0.01	-0.02	0.01	0.01	-0.01	-0.01	0.37
0
50
0.01	0.01	0.01	0.38
2417517360
2082051121
0.38	-0.01	0.01	-0.01	0.01	-0.01	0.01	-0.01	0.01	-0.01	0.01	-0.01	0.01	-0.01	0.01	-0.01	0.01	-0.01	0.01	-0.01	0.01	-0.01	0.01	-0.01	0.38
8421392
34623496
-0.01	-0.01	-0.01	-0.01	-0.01	-0.01	-0.01	-0.01	0.38
2954694454
2231369728
0.38	0.01	-0.01	0.01	-0.01	0.01	-0.01	0.01	-0.01	0.01	-0.01	0.01	-0.01	-0.01	0.04	-0.01	0.01	-0.01	0.40
0
512
0.01	0.40
2198226349
4257825861
0.40	0.01	-0.01	0.01	-0.01	0.01	-0.01	0.01	-0.01	0.01	-0.01	0.01	-0.01	0.01	-0.01	0.01	-0.01	0.01	-0.01	0.01	-0.01	-0.01	-0.01	0.01	-0.01	0.01	-0.01	0.01	-0.01	0.39
2147483648
1049092
-0.01	0.01	0.01	0.01	0.40
3183706144
83918864
-0.01	-0.01	-0.01	-0.01	-0.01	-0.01	-0.01	-0.01	-0.01	-0.01	-0.01	-0.01	-0.01	-0.01	-0.01	-0.01	0.40
302006536
16777216
-0.01	-0.01	-0.01	-0.01	-0.01	-0.01	0.40
20480
15
-0.01	-0.01	-0.01	-0.01	-0.01	-0.01	0.40
6299384
2953842688
-0.01	-0.01	-0.01	-0.01	-0.01	-0.01	-0.01	-0.01	-0.01	-0.01	-0.01	-0.01	-0.01	-0.01	-0.01	-0.01	0.40
42932416
58720256
0.01	-0.01	-0.01	-0.01	-0.01	-0.01	0.01	0.01	0.01	0.01	0.01	0.01	0.01	0.41
3324292772
88181760
0.41	-0.01	0.01	-0.01	0.01	-0.01	0.01	-0.01	0.01	-0.01	0.01	-0.01	0.01	-0.01	0.01	-0.01	0.01	-0.01	0.01	-0.01	0.01	0.41
268992528
570441736
-0.01	-0.01	-0.01	-0.01	-0.01	-0.01	-0.01	-0.01	0.41
2599962923
1090584087
0.41	-0.01	0.01	-0.01	0.03	-0.03	-0.02	0.01	-0.01	0.01	0.01	-0.01	0.02	-0.01	0.01	-0.01	0.01	-0.01	0.01	-0.01	0.01	-0.01	0.01	-0.01	0.01	-0.01	0.03	-0.04	0.01	0.39
2720268288
67456
0.39	0.01	-0.01	0.01	0.01	0.01	-0.01	0.01	-0.01	0.01	0.41
3222800387
3284140090
0.41	0.01	-0.01	0.01	-0.01	0.01	-0.01	0.01	-0.01	0.01	-0.01	0.01	-0.01	0.01	-0.01	0.01	-0.01	0.42
4160880644
512
-0.01	-0.01	-0.01	-0.01	-0.01	-0.01	-0.01	0.01	0.42
543
4223666135
0.01	0.01	0.02	0.02	0.01	0.01	0.01	0.01	0.01	0.01	0.01	0.01	0.01	0.01	0.01	-0.01	-0.01	-0.01	-0.01	-0.01	-0.01	-0.01	-0.01	-0.01	0.42
110984968
687866240
-0.01	-0.01	-0.01	-0.01	-0.01	-0.01	-0.01	-0.01	-0.01	-0.01	-0.01	-0.02	-0.01	-0.01	-0.01	-0.01	-0.01	-0.01	-0.01	-0.01	0.42
65824
65535
-0.01	-0.01	-0.01	-0.01	0.07	0.06	0.03	0.02	0.02	0.02	0.02	0.02	0.02	0.02	0.02	0.02	0.02	0.02	0.01	0.44
2653583359
43267616
0.44	-0.01	0.01	-0.01	0.01	-0.01	0.01	-0.01	0.01	-0.01	0.01	-0.01	0.01	-0.01	0.01	-0.01	0.01	-0.01	0.01	-0.01	0.01	-0.01	0.01	-0.01	-0.02	0.01	0.01	-0.02	0.01	-0.01	0.01	0.42
16777216
0
0.01	0.42
268435456
29056
-0.01	-0.01	-0.01	-0.01	0.01	0.01	0.42
1611134928
0
-0.01	-0.01	0.07	0.04	0.01	0.01	0.05	0.03	-0.01	0.02	-0.01	-0.01	-0.01	-0.01	-0.01	0.42
2851059
3963691844
0.01	0.01	0.01	0.01	0.01	0.01	0.01	0.01	0.01	0.01	0.01	0.01	0.01	0.01	0.01	0.01	0.01	0.01	0.01	0.01	0.01	0.01	0.01	0.42
4261383364
2032180784
0.42	0.01	-0.01	0.01	-0.01	0.01	-0.01	0.01	-0.01	0.01	-0.01	0.01	-0.01	0.01	-0.01	0.01	-0.01	0.01	-0.01	0.01	-0.01	0.01	-0.01	0.01	-0.01	0.01	-0.01	0.01	-0.01	0.01	-0.01	0.01	-0.01	0.01	0.42
135970244
268435456
-0.01	-0.01	-0.01	0.01	0.01	0.01	0.01	0.01	0.01	0.01	0.01	0.01	-0.01	0.01	0.42
2155577344
2148959081
0.42	0.01	-0.01	0.01	-0.02	0.01	-0.01	0.01	0.01	0.01	-0.02	-0.01	0.01	0.01	-0.01	-0.01	0.01	0.01	-0.01	0.43
503549952
67149856
-0.01	-0.01	-0.01	-0.01	-0.01	-0.01	-0.01	-0.01	-0.01	-0.01	-0.01	-0.01	0.43
262152
268435456
-0.01	-0.01	-0.01	0.43
41442
8395167
0.01	0.01	-0.01	-0.01	-0.01	-0.01	-0.01	-0.01	-0.01	-0.01	0.01	0.01	-0.01	-0.01	-0.01	0.02	0.01	0.39
4290772992
642
0.04	0.02	0.01	0.01	0.01	0.01	0.01	0.02	0.01	0.01	-0.01	-0.01	-0.01	0.39
1342181632
545587344
-0.01	-0.01	-0.01	-0.01	-0.01	-0.01	-0.01	-0.01	-0.01	-0.01	0.39
841109572
2290171938
-0.01	-0.01	-0.01	-0.01	-0.01	-0.01	-0.01	-0.01	-0.01	-0.01	-0.01	-0.01	-0.01	-0.01	-0.01	-0.01	0.38
3372717592
3596219256
0.38	0.01	-0.01	0.01	0.03	0.01	0.01	-0.01	-0.01	-0.01	0.01	-0.01	0.01	-0.01	0.01	-0.01	0.01	-0.01	0.01	-0.01	0.01	-0.01	0.01	-0.01	0.01	-0.01	0.01	-0.01	0.01	-0.01	0.01	-0.01	0.41
134283264
541102080
0.01	0.01	0.01	0.01	0.01	-0.01	0.41
0
0
0.41
2147946429
3297575296
0.41	0.06	-0.06	-0.01	0.01	0.02	-0.01	0.01	-0.01	-0.02	-0.01	0.06	0.05	-0.01	-0.01	-0.02	-0.01	-0.01	-0.01	0.01	-0.01	-0.02	0.01	0.42
3073376448
523239424
0.42	-0.01	0.01	-0.01	0.01	-0.01	0.01	-0.01	-0.01	0.01	-0.01	0.01	-0.01	0.01	-0.01	0.01	-0.01	0.40
4128
268533776
-0.01	-0.01	-0.01	-0.01	-0.01	-0.01	0.39
4127135056
33554432
0.01	0.01	0.01	0.01	0.01	0.01	0.01	0.01	0.01	0.01	0.01	0.01	0.01	0.01	0.01	0.01	0.01	0.01	0.01	0.01	0.39
2
2099204
-0.01	-0.01	-0.01	-0.01	0.39
270533632
2148534783
-0.01	-0.01	-0.01	-0.01	-0.01	-0.01	-0.01	-0.01	0.02	0.01	0.01	0.01	0.01	0.01	0.01	0.42
4160746752
536871424
-0.03	-0.03	-0.02	-0.01	-0.01	-0.01	-0.01	-0.01	-0.01	-0.01	-0.01	-0.01	-0.01	-0.01	-0.01	-0.01	-0.01	-0.01	-0.01	-0.01	-0.01	-0.01	-0.01	0.42
2310144
3875536896
0.01	-0.01	-0.01	0.01	0.01	0.01	0.01	0.01	0.01	0.01	0.42
263242
149957623
0.01	0.01	0.01	0.01	0.01	0.01	0.01	0.01	0.01	0.01	0.01	0.01	0.01	0.01	0.01	0.01	0.01	0.01	0.01	0.01	0.01	0.43
1073802228
8388608
-0.01	-0.01	-0.02	-0.01	0.01	-0.01	-0.02	-0.02	-0.02	-0.01	-0.01	-0.01	-0.01	0.43
6145
2098176
-0.01	-0.01	-0.01	-0.01	-0.01	0.43
16496
720467695
-0.01	0.01	0.01	0.01	0.01	0.01	0.01	0.01	0.01	0.01	0.01	0.01	0.01	0.01	0.01	0.01	0.01	0.01	0.01	0.01	0.01	0.01	0.01	0.01	0.44
671121408
274726954
-0.01	-0.01	-0.01	-0.01	-0.01	-0.01	0.01	0.01	0.01	0.45
1498488992
67162112
-0.01	-0.01	-0.01	-0.01	-0.01	-0.01	-0.01	-0.01	-0.01	-0.01	-0.01	-0.01	-0.01	-0.01	0.45
0
0
0.45
2556428348
3351636088
0.45	-0.01	0.01	-0.01	0.01	-0.01	0.01	-0.01	-0.01	0.01	-0.01	-0.01	0.01	-0.01	0.01	-0.01	0.02	0.01	-0.01	0.04	-0.02	-0.01	0.12	0.17	-0.40	-0.06	0.28
50331648
131089
0.01	0.01	0.01	0.01	-0.01	0.27
2189492228
134224896
0.27	0.01	-0.01	0.01	0.01	0.01	0.01	-0.01	0.01	0.31
2147483649
3422552577
0.31	0.01	-0.01	0.01	-0.01	0.01	0.01	-0.01	0.33
2172678147
3854566144
0.33	-0.01	0.01	0.01	-0.01	0.01	0.01	-0.01	0.01	-0.01	0.01	-0.01	0.01	-0.01	0.01	-0.01	0.01	0.35
0
51888895
0.01	0.01	0.01	0.01	0.01	0.01	0.01	0.01	0.01	0.01	0.01	0.01	0.01	0.01	0.01	0.01	0.01	0.36
4294055680
100682275
0.36	-0.01	0.01	-0.01	0.01	-0.01	0.01	-0.01	0.01	-0.01	0.01	-0.01	0.01	-0.01	0.01	-0.01	0.01	0.02	0.01	0.01	0.01	0.01	-0.01	-0.01	0.01	0.41
2150859520
302624806
0.41	0.01	-0.01	0.01	-0.01	0.01	-0.01	0.01	-0.01	0.01	-0.01	0.01	-0.01	0.01	-0.01	0.01	-0.01	0.01	0.42
3042080824
1043857408
0.42	-0.01	0.01	-0.01	-0.03	0.01	0.02	0.01	0.01	-0.01	0.01	-0.01	-0.01	0.01	-0.01	0.01	-0.01	0.01	-0.01	0.01	-0.01	0.01	-0.01	0.41
570860674
2019
0.01	0.01	0.01	0.01	0.01	0.01	0.01	0.01	0.01	0.01	0.01	0.01	0.01	0.01	0.01	0.01	0.01	0.42
2551468072
286175
-0.01	-0.01	-0.01	-0.01	-0.01	-0.01	-0.01	-0.01	-0.01	-0.01	-0.01	-0.01	-0.01	-0.01	-0.01	-0.01	-0.01	-0.01	-0.01	-0.01	-0.01	-0.01	0.41
0
0
0.41
268435456
268436104
-0.01	-0.01	-0.01	-0.01	-0.01	0.41
1073741824
348330
-0.01	-0.01	-0.01	-0.01	-0.01	-0.01	-0.01	-0.01	-0.01	0.41
335546400
402734783
-0.01	-0.01	-0.01	-0.01	-0.01	-0.01	-0.01	-0.01	-0.01	-0.01	-0.01	-0.01	-0.01	-0.01	-0.01	-0.01	-0.01	-0.01	-0.01	0.40
536870912
132628598
0.01	0.01	0.01	0.08	0.04	-0.02	-0.02	-0.01	-0.01	-0.01	-0.01	-0.01	0.01	0.01	0.01	0.01	0.01	0.40
3220127792
410910532
0.40	0.01	-0.01	0.01	-0.01	0.01	-0.01	0.01	-0.01	0.01	-0.01	0.01	-0.01	0.01	-0.01	0.01	-0.01	0.01	-0.01	0.01	-0.01	0.01	-0.01	0.01	-0.01	0.01	-0.01	0.01	-0.01	0.01	-0.01	0.01	-0.01	-0.01	-0.01	0.38
4201662521
2449507584
0.38	0.01	-0.01	0.01	0.01	-0.01	-0.01	0.01	-0.01	0.02	-0.01	0.01	-0.01	0.01	-0.01	0.01	-0.01	0.01	0.01	-0.01	-0.01	0.39
2348045156
13369344
0.39	-0.01	0.02	0.04	0.03	0.01	-0.04	-0.02	-0.01	-0.01	0.01	0.01	-0.01	-0.01	0.01	0.01	-0.01	0.01	-0.01	0.01	0.42
3088201252
268435456
0.42	-0.01	0.01	-0.01	-0.01	0.02	0.01	-0.01	0.01	-0.01	0.01	0.01	-0.01	0.43
268435456
67141632
-0.01	-0.01	-0.01	0.43
4104
1092616192
-0.01	-0.01	-0.01	-0.01	-0.01	0.43
0
272631813
-0.01	-0.01	-0.01	-0.01	-0.01	0.43
73203616
4097
-0.01	-0.01	-0.01	-0.01	-0.01	-0.01	-0.01	-0.01	-0.01	-0.01	-0.01	-0.01	-0.01	-0.01	-0.01	-0.01	-0.01	0.43
1073741890
3866632
-0.01	-0.01	-0.01	0.01	0.01	0.01	0.01	0.01	-0.01	0.43
268435456
2793730
-0.01	0.01	0.01	0.01	0.01	0.01	0.01	0.01	0.43
3120824320
0
0.01	0.01	0.01	0.01	0.01	0.01	0.43
2147483680
268435456
-0.01	0.01	-0.01	0.43
67112960
5120
0.01	-0.01	-0.01	-0.01	0.43
131072
512
-0.01	-0.01	0.43
807862440
335708240
-0.01	-0.01	-0.01	-0.02	-0.01	-0.01	-0.01	-0.01	-0.01	-0.01	-0.01	-0.01	-0.01	-0.01	-0.01	0.43
136384544
1157662813
-0.01	-0.01	-0.01	-0.01	-0.01	-0.01	-0.01	-0.01	-0.01	-0.01	-0.01	-0.01	-0.01	-0.01	-0.01	0.42
3020030498
180322849
0.01	0.01	0.01	0.01	0.01	0.01	0.01	0.01	0.01	0.01	0.01	0.01	0.01	0.01	0.01	0.01	0.01	0.01	0.01	0.01	0.01	0.42
134381568
0
0.01	0.01	0.01	0.42
524288
1073741824
-0.01	-0.01	0.42
268435456
327840
-0.01	-0.01	-0.01	-0.01	-0.01	0.42
335712592
2337357825
-0.01	-0.01	-0.01	-0.01	-0.01	-0.01	-0.01	-0.01	-0.01	-0.01	-0.01	-0.01	-0.01	-0.01	-0.01	-0.01	-0.01	0.42
2261648289
677903353
0.42	-0.01	0.01	-0.01	0.01	-0.01	0.01	-0.01	0.01	-0.01	0.01	-0.01	0.01	-0.01	0.01	-0.01	0.01	-0.01	0.01	-0.01	0.01	-0.01	0.01	-0.01	0.01	-0.01	0.01	-0.01	0.01	-0.01	0.01	-0.01	0.01	0.41
2326200368
33554688
0.01	0.01	0.01	0.01	0.01	0.01	0.01	0.01	0.01	0.01	0.01	0.01	0.41
33554440
151060482
0.01	0.01	0.01	0.01	0.01	0.01	0.41
0
0
0.41
8454147
2134407082
-0.01	-0.01	-0.01	-0.01	-0.01	-0.01	-0.01	-0.01	-0.01	-0.01	-0.01	0.01	0.01	0.01	0.01	0.01	0.01	0.01	0.01	0.01	0.01	0.01	0.01	0.01	0.41
1610874880
536870944
0.01	0.01	0.01	0.01	-0.01	0.41
0
0
0.41
2969580658
1329638162
0.41	-0.01	0.01	-0.01	0.01	-0.01	-0.01	0.01	0.01	-0.01	0.01	0.01	-0.01	-0.01	-0.01	0.01	-0.01	0.01	-0.01	-0.01	-0.01	0.01	0.01	0.01	0.40
4152360981
4067315
0.40	-0.02	0.01	-0.01	-0.01	0.02	0.01	0.01	-0.01	-0.01	-0.01	0.01	-0.01	0.01	-0.01	0.01	-0.01	0.01	-0.01	0.01	-0.01	0.01	-0.01	0.01	-0.01	0.01	0.39
1361033992
1559
-0.01	-0.01	-0.01	-0.01	-0.01	-0.01	-0.01	-0.01	-0.01	-0.01	-0.01	-0.01	-0.01	-0.01	-0.01	0.01	0.01	0.01	0.01	0.01	0.01	0.41
2147598338
670164480
0.41	0.01	-0.01	0.01	0.01	-0.01	0.01	-0.01	0.01	-0.01	0.01	-0.01	0.01	-0.01	0.01	-0.01	0.01	-0.01	0.01	0.43
8704
4128
0.01	0.01	-0.01	-0.01	0.43
20
8388608
-0.01	-0.01	-0.01	0.43
2825356299
3081797632
0.43	-0.01	0.01	-0.01	0.01	0.01	0.01	-0.01	-0.01	0.01	0.01	0.01	-0.01	0.01	-0.01	-0.01	-0.03	0.01	0.02	-0.02	0.01	0.01	0.01	0.45
0
66191359
0.01	0.01	0.01	0.01	0.01	0.01	0.01	0.01	0.01	0.01	0.01	0.01	0.01	0.01	0.01	0.01	0.01	0.01	0.01	0.01	0.01	0.01	0.01	0.46
0
268599304
-0.01	-0.01	-0.01	-0.01	0.46
0
37376
-0.01	-0.01	-0.01	0.46
16793610
17956928
-0.01	-0.01	-0.01	-0.01	-0.01	-0.01	-0.01	-0.01	0.46
4
0
-0.01	0.46
33555456
1
0.01	-0.01	-0.02	0.45
3972099072
398930298
0.45	0.01	-0.01	0.02	-0.03	0.01	0.01	0.01	0.01	-0.01	0.01	-0.01	-0.01	0.01	-0.01	0.01	-0.01	0.01	-0.01	-0.01	-0.01	-0.01	0.01	-0.01	0.01	-0.01	0.01	-0.01	0.01	0.44
2172731472
200514529
0.44	0.01	0.01	-0.01	0.01	-0.01	0.01	-0.01	0.01	-0.01	0.01	-0.01	0.01	-0.01	0.01	-0.01	0.01	-0.01	0.01	-0.01	0.01	-0.01	0.01	-0.01	0.01	0.45
2147483800
3221250048
0.45	0.01	-0.01	0.01	-0.01	0.01	-0.01	0.01	0.46
268445957
1084887297
-0.01	-0.01	-0.01	-0.01	-0.01	-0.01	-0.01	-0.01	-0.01	-0.01	-0.01	-0.01	-0.01	-0.01	0.45
4287905834
2165450790
0.01	0.01	0.01	0.01	0.01	0.01	0.01	0.01	0.01	0.01	0.01	0.01	0.01	0.01	0.01	0.01	0.01	0.01	0.01	0.01	0.01	0.01	0.01	0.01	0.45
8194
0
0.01	0.01	0.45
0
32768
-0.01	0.45
0
4194304
-0.01	0.45
268435456
4
-0.01	-0.01	0.45
1082134560
4196387
-0.01	-0.01	-0.01	-0.01	-0.01	-0.01	-0.01	-0.01	-0.01	0.45
676595210
2954117760
-0.01	-0.01	-0.01	-0.01	-0.01	-0.01	-0.01	-0.01	-0.01	-0.01	-0.01	-0.01	-0.01	-0.01	-0.01	-0.01	-0.01	0.45
1414177104
1074240172
-0.01	-0.01	-0.01	-0.01	-0.01	-0.01	-0.01	-0.01	-0.01	-0.01	-0.01	-0.01	-0.01	-0.01	-0.01	-0.01	-0.01	-0.01	-0.01	-0.01	-0.01	-0.01	-0.01	0.44
3937927680
2621696
0.01	0.01	0.01	0.01	0.01	0.01	0.01	0.01	0.01	0.01	0.01	0.01	0.01	0.44
131072
67242594
0.01	0.01	0.01	0.01	0.01	0.01	0.01	0.01	0.44
197162
117957128
0.01	0.01	0.01	0.01	0.01	0.01	0.01	0.01	0.01	0.01	0.01	0.01	0.01	0.01	0.01	0.01	0.01	0.44
1110074024
567410690
0.01	0.01	0.01	0.01	0.01	0.01	0.01	0.01	0.01	0.01	0.01	0.01	0.01	0.01	0.01	0.01	0.01	0.01	0.44
4192323864
2014157825
0.44	0.01	-0.01	0.01	-0.01	0.01	-0.01	0.01	-0.01	0.01	-0.01	0.01	-0.01	0.01	-0.01	0.01	-0.01	0.01	-0.01	0.01	-0.01	0.01	-0.01	0.01	-0.01	0.01	-0.01	0.01	0.44
4238860612
1843123326
0.44	0.01	-0.01	0.01	-0.01	0.01	-0.01	0.01	-0.01	0.01	-0.01	0.01	-0.01	0.01	-0.01	0.01	-0.01	0.01	-0.01	0.01	-0.01	0.01	-0.01	0.01	-0.01	0.01	-0.01	0.01	-0.01	0.01	-0.01	0.01	-0.01	0.01	-0.01	0.01	-0.01	0.01	0.45
436802624
32896
-0.01	-0.01	-0.01	-0.01	-0.01	-0.01	-0.01	-0.01	-0.01	-0.01	0.45
69642
131072
-0.01	-0.01	-0.01	-0.01	-0.01	0.45
8388608
268435968
-0.01	-0.01	-0.01	0.45
0
8392704
-0.01	-0.01	0.45
0
0
0.45
268435456
0
-0.01	0.45
537001984
0
0.01	0.01	0.45
2261026
637684752
0.01	0.01	0.01	0.01	0.01	0.01	0.01	0.01	0.01	0.01	0.01	0.01	0.01	0.46
3372063745
268506384
-0.01	-0.01	-0.01	-0.01	-0.01	-0.01	-0.01	-0.01	-0.01	-0.01	-0.01	-0.01	-0.01	-0.01	-0.01	-0.01	-0.01	-0.01	-0.01	-0.01	-0.01	0.46
2153054720
1140850752
-0.01	-0.01	-0.01	-0.01	-0.01	-0.01	-0.01	-0.01	-0.01	0.46
805306496
0
-0.01	-0.01	-0.01	0.46
2147729408
1882193794
0.46	-0.01	0.01	-0.01	0.01	-0.01	-0.01	0.01	-0.01	-0.01	-0.01	0.01	0.01	-0.02	0.01	0.01	-0.01	-0.01	-0.01	0.01	0.02	0.01	0.01	0.46
33554432
33721002
-0.01	0.01	0.01	0.01	0.01	0.01	0.01	0.01	0.01	0.01	0.47
268435456
4096
-0.01	-0.01	0.47
32768
0
-0.01	0.47
268959744
2107906
-0.01	-0.01	0.01	0.01	0.01	0.01	0.01	0.48
1961818208
16842792
-0.01	-0.01	-0.01	-0.01	-0.01	-0.01	-0.01	-0.01	-0.01	-0.01	-0.01	-0.01	-0.01	-0.01	-0.01	-0.01	-0.01	-0.01	-0.01	-0.01	-0.01	0.48
2273312792
461340864
0.48	-0.01	0.01	-0.01	0.01	-0.01	0.01	-0.01	0.01	-0.01	0.01	-0.01	-0.02	0.04	0.17	-0.18	-0.01	-0.01	0.01	-0.01	0.01	0.47
2161098983
3304269379
0.47	0.01	-0.01	0.01	-0.01	0.01	-0.01	0.01	-0.01	0.01	-0.01	0.01	-0.01	0.01	-0.01	0.01	-0.01	0.01	-0.01	0.01	-0.01	0.01	-0.01	0.01	-0.01	0.01	-0.01	0.01	-0.01	0.01	0.47
4234153164
1692144544
0.47	0.01	-0.01	0.01	-0.01	0.01	-0.01	0.01	-0.01	0.01	-0.01	0.01	-0.01	0.01	-0.01	-0.01	-0.01	-0.01	-0.01	0.03	0.01	-0.03	-0.01	0.01	-0.01	0.01	-0.01	0.43
2616217356
1649846528
0.43	0.01	0.02	0.01	-0.01	0.01	-0.01	0.01	-0.01	0.01	-0.01	0.01	-0.01	0.01	-0.01	0.01	-0.01	0.01	-0.01	0.01	-0.01	-0.01	0.01	-0.01	0.01	0.01	-0.01	0.46
2150930556
402653240
0.46	0.01	0.01	-0.01	0.01	-0.01	0.01	0.01	-0.01	0.01	-0.01	0.01	-0.01	0.01	0.01	-0.01	0.01	0.51
2348811504
1350305561
0.51	-0.01	0.01	0.01	0.01	0.01	-0.01	0.01	0.01	-0.01	0.01	-0.01	0.01	-0.01	0.01	0.01	-0.01	0.01	-0.01	0.01	-0.01	0.56
2162196225
4029171919
0.56	0.01	-0.01	0.01	-0.01	0.02	-0.01	0.01	-0.01	0.01	-0.01	0.01	-0.01	0.01	-0.01	0.01	0.01	-0.01	0.01	0.01	-0.01	0.01	-0.01	0.01	-0.01	0.01	0.60
2251299585
188966416
0.60	0.01	-0.01	0.01	-0.01	-0.01	0.01	0.01	-0.01	0.01	-0.01	0.01	-0.01	0.01	0.01	-0.01	0.01	-0.01	0.01	0.01	0.01	0.64
2167939232
1075716864
0.64	0.01	0.01	0.01	0.01	0.01	0.01	0.01	0.01	0.01	0.01	0.01	0.01	-0.01	-0.01	0.02	0.76
3792189461
297214501
0.76	-0.01	0.01	0.01	-0.01	-0.01	0.01	0.01	0.01	0.01	0.01	0.01	0.01	0.01	0.01	0.02	0.01	0.01	0.01	0.01	0.01	0.01	0.01	0.01	0.94
4246208422
3210735407
0.94	-0.01	-0.02	-0.04	0.07	0.01	0.05	0.02	-0.01	0.02	0.01	0.02	-0.03	0.06	0.03	0.01	-0.01	-0.01	0.01	-0.03	0.01	-0.01	0.01	0.01	0.01	-0.01	-0.01	-0.02	-0.03	0.04	-0.01	0.03	-0.01	-0.02	-0.04	-0.03	0.06	0.01	0.02	-0.04	0.11	0.01	0.01	-0.01	0.01	0.01	-0.01	-0.02	1.17
2822725820
2944399535
1.17	-0.02	0.01	-0.01	0.01	-0.01	0.01	0.01	0.01	0.01	0.01	0.01	0.01	-0.01	0.01	0.01	0.01	0.01	0.02	0.01	0.01	0.01	-0.04	0.01	0.01	0.01	0.03	0.03	-0.03	0.03	0.05	0.03	-0.02	0.02	-0.01	-0.01	-0.01	0.02	0.02	0.01	1.46
3476881396
4081024915
1.46	0.01	-0.01	-0.01	-0.01	-0.01	0.02	0.04	0.01	0.02	-0.01	-0.01	-0.01	-0.01	-0.01	-0.01	0.01	0.01	0.01	0.01	0.01	0.01	0.01	-0.01	-0.01	-0.01	-0.01	0.01	0.01	0.01	-0.02	-0.01	-0.01	-0.01	-0.01	-0.01	0.04	0.01	0.20	-0.07	0.10	0.08	0.02	-0.02	-0.01	-0.02	1.76
4151839998
2952265659
1.76	-0.02	-0.02	-0.04	-0.01	0.01	-0.02	-0.01	-0.01	-0.01	-0.01	-0.01	0.01	0.01	0.02	0.02	0.01	0.02	0.03	0.02	0.02	0.01	0.01	0.01	-0.01	-0.02	-0.01	-0.02	-0.01	-0.01	-0.02	-0.02	0.06	0.04	0.01	0.02	0.02	0.06	0.05	-0.02	-0.03	0.08	-0.02	-0.01	-0.01	0.01	0.01	1.94
4225446591
3493826047
1.94	-0.01	-0.01	-0.01	-0.01	-0.01	-0.01	0.02	0.02	-0.01	0.01	0.01	0.01	-0.01	-0.02	-0.02	-0.01	-0.01	0.01	-0.01	0.01	0.01	0.01	0.01	0.01	-0.01	0.01	0.01	0.04	0.06	0.03	0.03	0.01	-0.01	-0.01	0.01	0.03	0.04	0.04	0.02	0.01	0.01	-0.01	-0.01	2.21
4276467909
1330366828
2.21	-0.01	-0.03	-0.02	-0.02	-0.01	-0.01	0.02	0.03	0.02	-0.02	-0.02	-0.01	-0.01	-0.01	-0.01	-0.01	0.01	-0.01	-0.01	-0.01	0.02	0.01	0.01	0.01	0.01	-0.01	-0.02	0.01	-0.01	0.01	0.01	-0.01	-0.01	0.01	0.01	0.01	2.13
2617073452
3846885635
2.13	-0.01	-0.01	0.01	0.01	0.02	0.01	0.01	0.01	-0.01	-0.01	-0.01	0.01	0.02	0.01	0.03	0.02	0.02	-0.01	-0.01	0.01	-0.01	-0.01	-0.01	-0.01	0.02	0.01	-0.01	-0.02	-0.01	0.01	-0.01	-0.01	0.01	0.04	2.27
4155926082
3279382503
2.27	0.04	0.03	0.03	-0.01	-0.02	-0.01	-0.02	-0.01	-0.02	-0.01	-0.01	-0.01	0.01	0.01	0.01	0.01	-0.01	-0.01	-0.01	-0.01	-0.01	-0.01	-0.01	0.01	0.01	0.02	0.01	-0.01	-0.01	-0.01	0.01	0.02	0.04	0.03	0.03	-0.01	-0.01	0.02	2.39
4157340211
2076180479
2.39	0.01	0.01	-0.01	-0.01	-0.02	-0.02	-0.02	-0.01	-0.01	-0.01	-0.01	-0.01	-0.01	-0.01	-0.01	0.01	0.02	0.01	0.01	-0.01	0.01	-0.01	-0.04	-0.01	0.02	0.02	0.08	0.06	-0.01	0.04	-0.05	0.02	0.04	0.06	0.10	0.08	0.01	0.05	0.02	-0.06	-0.03	-0.04	-0.04	-0.01	-0.02	-0.02	-0.02	-0.02	-0.02	-0.01	2.48
4273733378
2149220162
2.48	-0.01	-0.02	-0.01	-0.01	-0.01	-0.02	-0.01	-0.01	-0.01	-0.01	-0.01	-0.01	0.01	-0.01	0.01	-0.02	0.01	-0.01	0.01	-0.01	-0.01	-0.01	-0.02	0.03	0.01	0.01	-0.01	0.01	0.01	-0.01	-0.01	0.01	0.01	-0.02	2.33
3284009724
3299191016
2.33	-0.01	0.01	0.01	0.01	-0.01	-0.01	-0.01	-0.01	0.01	-0.01	-0.01	-0.04	-0.05	-0.01	0.05	0.01	0.01	-0.01	-0.01	0.01	0.01	-0.01	-0.01	-0.01	-0.01	0.01	-0.01	0.01	-0.01	-0.01	2.22
2672020774
2219249674
2.22	-0.01	0.01	-0.01	0.01	-0.01	-0.01	0.01	-0.01	0.01	-0.01	-0.01	-0.01	-0.01	0.01	-0.02	-0.01	-0.01	0.01	-0.01	-0.01	0.01	-0.01	-0.01	-0.01	-0.01	2.09
2622637844
445908364
2.09	-0.01	-0.01	0.01	-0.01	-0.01	-0.01	0.01	0.01	0.01	-0.01	-0.01	-0.01	0.01	-0.01	-0.01	-0.01	-0.01	-0.01	-0.01	-0.01	0.01	-0.01	0.01	1.99
2632203288
50509672
1.99	-0.02	0.01	-0.01	-0.01	0.02	-0.01	-0.01	-0.01	0.01	0.01	-0.01	-0.01	-0.01	0.01	-0.01	-0.01	-0.01	-0.01	-0.01	-0.01	0.01	-0.01	-0.01	0.01	-0.01	1.88
3222257663
4294901755
1.88	-0.01	0.03	0.02	-0.01	-0.05	0.05	0.03	-0.06	0.06	0.07	0.04	-0.03	0.08	0.04	-0.05	0.05	0.04	0.02	0.02	0.02	0.02	0.01	0.01	0.02	0.02	0.03	0.02	0.03	0.02	0.02	0.03	0.05	0.05	0.05	0.04	-0.02	-0.01	-0.03	-0.02	-0.03	-0.04	-0.02	-0.06	-0.03	-0.12	0.08	-0.03	0.01	-0.01	-0.02	2.31
4226796275
3724487606
2.31	-0.05	-0.03	0.08	0.01	-0.01	-0.02	-0.02	-0.01	0.02	-0.01	-0.01	-0.01	0.01	0.01	0.01	-0.01	-0.01	0.01	0.02	0.01	-0.01	-0.01	0.37	-0.09	-0.22	-0.06	-0.01	0.02	0.01	-0.03	0.07	0.03	0.02	-0.03	-0.02	0.04	0.04	-0.02	-0.01	-0.01	-0.01	-0.01	0.01	0.01	0.01	-0.01	2.37
3380977521
2709328890
2.37	-0.01	-0.01	0.01	0.01	-0.01	-0.01	-0.01	0.02	0.03	0.03	0.01	0.01	-0.01	-0.01	-0.02	-0.01	0.01	0.01	-0.01	-0.01	0.01	-0.01	0.01	-0.01	-0.01	-0.01	0.01	-0.01	0.01	-0.01	0.01	-0.01	-0.01	-0.01	2.36
4293786485
3748702570
2.36	0.01	0.01	-0.01	-0.01	0.04	-0.01	0.03	0.01	0.04	0.02	0.01	0.02	-0.03	0.03	-0.01	-0.02	0.02	0.01	-0.02	-0.01	-0.02	-0.02	-0.02	0.01	-0.01	0.01	-0.01	-0.01	0.01	-0.01	0.01	-0.02	-0.01	0.02	-0.02	-0.01	-0.01	-0.02	0.01	0.02	-0.01	0.01	0.01	2.39
3693908234
3964673927
2.39	-0.01	-0.02	0.01	-0.01	-0.01	0.01	-0.02	-0.01	-0.01	-0.01	-0.01	-0.01	-0.01	0.01	-0.01	0.01	0.01	-0.01	-0.01	-0.01	0.01	-0.01	0.01	-0.01	0.01	-0.01	-0.01	-0.01	2.25
3347888417
2742887830
2.25	0.01	0.01	-0.01	0.01	-0.01	-0.01	0.01	0.01	-0.01	-0.02	0.01	-0.01	0.01	0.01	0.01	0.01	-0.02	-0.01	-0.02	0.01	-0.01	0.02	-0.01	-0.01	-0.01	0.01	0.01	0.01	-0.01	-0.01	-0.01	2.23
3265886176
442395266
2.23	-0.01	-0.01	-0.01	-0.01	-0.01	-0.01	-0.01	0.01	-0.01	-0.01	0.01	-0.01	0.01	-0.02	0.01	-0.01	0.01	-0.01	-0.01	0.01	0.01	0.01	0.01	0.01	-0.01	-0.01	-0.01	-0.01	0.01	2.14
2538070795
1048023675
2.14	-0.01	-0.01	0.01	-0.01	-0.01	0.01	0.02	0.01	0.01	0.01	0.01	0.01	-0.01	0.01	0.02	0.01	-0.01	-0.01	-0.02	-0.01	-0.01	0.01	0.01	0.01	0.01	0.01	-0.02	-0.01	-0.02	-0.01	0.01	-0.02	-0.01	-0.01	-0.01	0.01	2.11
2961720791
2185574404
2.11	-0.01	0.01	-0.01	-0.01	-0.01	-0.01	-0.01	0.01	-0.01	-0.01	-0.01	0.01	-0.01	0.01	-0.01	-0.01	-0.01	-0.01	-0.01	0.01	-0.01	0.01	2.01
2571107327
4138284474
2.01	-0.02	0.01	-0.02	-0.02	0.01	0.02	0.02	0.03	0.02	0.01	0.03	0.01	0.02	0.02	0.01	0.01	0.01	0.01	0.01	-0.01	0.01	-0.01	-0.01	-0.01	-0.01	-0.02	-0.01	-0.01	-0.02	-0.01	-0.01	-0.01	-0.01	-0.01	-0.01	0.01	0.01	0.01	0.01	-0.01	0.01	-0.01	-0.02	2.05
4164026367
4287058459
2.05	-0.01	0.01	-0.01	0.01	0.01	-0.01	0.11	0.09	0.07	0.13	0.10	0.10	0.09	0.05	0.03	-0.02	-0.04	-0.04	-0.05	-0.04	-0.04	-0.03	-0.04	-0.04	-0.03	-0.02	-0.04	-0.01	-0.02	-0.02	-0.01	-0.01	-0.01	-0.01	-0.01	-0.01	-0.02	0.01	-0.01	-0.01	-0.01	-0.01	2.23
3620646267
4294441471
2.23	-0.01	-0.01	0.02	0.02	0.01	0.01	0.01	-0.01	-0.01	-0.01	-0.01	-0.01	-0.01	-0.01	-0.01	-0.01	0.01	-0.02	-0.02	0.01	-0.01	-0.01	-0.01	0.03	0.06	0.08	0.06	0.06	0.06	0.06	0.06	0.03	0.02	-0.01	-0.03	-0.03	-0.01	0.02	0.06	0.05	0.02	-0.03	-0.04	-0.05	-0.06	0.01	-0.01	0.01	0.04	0.04	2.72
4291817215
4275565127
2.72	0.08	0.10	0.08	0.09	0.03	0.02	0.01	0.02	-0.01	0.03	0.08	0.06	0.04	0.02	0.01	-0.02	0.03	0.05	0.02	-0.03	-0.03	-0.05	-0.05	-0.01	-0.02	0.01	-0.02	-0.02	-0.04	-0.04	-0.06	0.01	-0.03	-0.04	-0.02	0.01	0.01	0.01	-0.01	-0.01	-0.01	-0.02	-0.02	-0.02	-0.02	-0.01	-0.01	0.01	-0.01	2.90
2524916221
2581592569
2.90	0.01	0.01	0.01	-0.01	-0.02	-0.01	0.01	-0.02	-0.01	-0.02	0.01	-0.01	0.01	0.01	0.04	0.02	0.04	0.02	0.01	-0.02	-0.02	-0.01	-0.02	0.01	0.02	0.02	0.01	0.01	0.01	0.01	0.01	0.01	0.03	0.02	0.01	-0.02	-0.01	-0.01	-0.04	-0.01	0.01	-0.01	-0.01	2.99
3170877159
4294110574
2.99	-0.01	-0.04	-0.01	0.01	-0.01	-0.03	0.04	0.03	0.08	0.04	0.03	0.02	0.02	0.01	0.02	0.01	0.02	0.01	-0.01	-0.03	-0.03	0.03	0.04	0.03	0.02	0.01	0.01	-0.02	-0.03	-0.03	-0.02	-0.02	-0.02	-0.01	-0.01	-0.01	-0.01	-0.01	-0.01	0.01	0.01	-0.01	-0.02	-0.01	0.02	0.02	-0.01	0.01	3.12
4267392505
1595187724
3.12	-0.01	-0.01	-0.01	-0.01	-0.01	-0.01	0.01	0.01	0.01	-0.01	0.01	0.01	-0.02	0.01	-0.01	-0.01	-0.01	-0.01	-0.01	-0.01	-0.01	-0.01	-0.01	-0.01	0.01	-0.01	0.01	-0.01	-0.01	-0.01	-0.01	-0.01	-0.01	-0.01	-0.01	2.91
2466152286
290455343
2.91	-0.01	0.01	0.01	0.03	0.02	0.02	0.02	0.01	0.01	-0.01	-0.01	-0.02	0.01	-0.01	0.01	-0.01	-0.01	-0.01	-0.01	-0.01	-0.01	-0.01	-0.01	-0.01	0.03	0.05	0.07	0.06	0.03	0.04	0.01	0.03	0.03	0.06	0.04	0.01	-0.02	0.03	0.04	0.04	0.04	3.51
4265598330
2730130733
3.51	-0.02	-0.02	-0.04	-0.04	-0.03	-0.02	-0.01	-0.02	-0.01	-0.03	-0.02	-0.03	-0.01	-0.02	-0.02	-0.01	-0.02	-0.02	-0.01	-0.01	-0.01	-0.01	-0.01	-0.01	-0.01	-0.01	-0.01	-0.01	-0.01	-0.01	-0.01	0.01	0.01	-0.01	0.02	0.02	0.01	-0.01	-0.01	-0.01	-0.01	3.00
3291993597
4288449609
3.00	-0.01	-0.01	-0.01	0.01	0.01	0.01	0.01	0.01	0.01	-0.02	-0.01	0.01	0.06	0.07	0.08	0.04	0.04	0.01	-0.01	-0.04	-0.02	-0.04	-0.02	-0.01	-0.01	-0.03	-0.03	-0.01	-0.01	-0.02	-0.02	0.02	-0.01	-0.01	0.01	-0.02	-0.01	3.02
3673360418
2129280190
3.02	-0.01	-0.03	0.01	0.01	0.01	-0.01	0.01	-0.01	-0.01	-0.01	-0.01	0.01	-0.01	0.01	0.01	0.01	-0.01	0.01	-0.01	-0.01	0.01	-0.02	-0.01	-0.01	0.01	-0.01	-0.01	0.01	-0.01	-0.02	0.01	-0.01	0.01	-0.01	2.92
2921388561
3796926267
2.92	0.01	-0.01	-0.01	0.01	-0.01	-0.01	0.01	-0.02	0.02	0.01	-0.01	-0.02	0.01	-0.01	0.01	-0.01	-0.01	0.01	0.01	0.03	0.04	0.04	0.03	0.02	0.01	-0.03	-0.03	-0.05	0.01	0.01	2.98
2812405845
453307546
2.98	-0.01	-0.02	-0.01	0.01	0.01	0.01	-0.01	-0.01	-0.01	-0.01	-0.01	-0.01	-0.01	-0.01	-0.01	-0.02	0.01	0.01	-0.01	-0.01	0.01	0.01	0.01	0.01	-0.01	0.01	0.01	-0.01	-0.01	2.89
4244631538
2951511805
2.89	0.02	0.03	0.03	0.03	0.03	-0.02	-0.02	-0.01	-0.01	-0.02	0.01	0.01	0.02	0.02	0.02	0.01	-0.01	-0.01	-0.02	-0.01	-0.02	-0.01	-0.01	-0.01	0.02	0.03	0.01	-0.01	-0.01	-0.01	-0.01	-0.01	-0.02	-0.01	-0.01	-0.01	0.01	0.03	0.01	0.04	0.03	0.02	-0.01	-0.01	-0.01	-0.02	-0.01	-0.01	-0.02	2.94
4075285731
4278124507
2.94	-0.01	0.01	-0.01	0.01	0.02	0.01	0.01	-0.01	-0.01	-0.01	-0.01	-0.01	-0.01	-0.01	-0.01	-0.01	0.01	-0.01	0.01	0.02	0.03	0.05	0.05	0.05	0.02	0.02	-0.01	-0.02	-0.02	-0.03	-0.01	-0.02	0.01	-0.01	-0.01	0.01	0.01	0.02	0.02	0.01	0.01	-0.01	-0.01	-0.01	-0.02	-0.02	-0.01	-0.01	3.00
3171572695
4025996608
3.00	-0.01	-0.02	0.01	-0.01	-0.01	0.01	0.01	-0.01	-0.01	-0.01	-0.02	-0.06	-0.03	-0.02	-0.03	0.02	0.05	0.03	0.05	0.01	0.01	-0.01	0.01	0.01	0.03	0.04	0.04	0.03	0.02	-0.01	-0.01	-0.02	-0.01	-0.02	-0.02	-0.02	-0.01	-0.02	2.99
4003191876
726745178
2.99	-0.01	0.01	-0.02	0.01	-0.01	-0.01	0.01	-0.01	-0.02	-0.01	-0.01	0.03	-0.01	0.01	0.01	-0.01	-0.01	0.01	-0.01	0.01	-0.01	-0.01	-0.01	-0.01	0.01	-0.01	-0.02	0.01	0.01	2.91
3632414517
3008526335
2.91	0.01	0.01	-0.01	0.01	0.01	0.01	0.02	0.01	0.01	0.01	0.01	0.01	0.02	0.03	0.02	-0.01	-0.01	-0.03	-0.01	-0.01	-0.01	-0.01	-0.01	0.01	-0.01	0.01	-0.01	0.01	-0.01	0.02	0.02	0.05	0.03	0.03	0.01	0.01	-0.02	3.13
4289826964
612178715
3.13	-0.02	-0.02	-0.02	-0.01	-0.01	-0.01	-0.01	-0.01	-0.01	0.01	0.01	-0.01	-0.01	0.01	-0.01	-0.01	-0.01	-0.01	-0.01	0.01	-0.01	0.01	-0.01	-0.01	-0.03	0.01	0.01	-0.01	-0.01	0.01	0.01	-0.01	2.94
2338323439
3184755616
2.94	-0.01	-0.01	-0.04	0.02	0.01	-0.01	-0.02	0.02	0.02	0.02	0.02	-0.01	-0.01	-0.10	0.08	-0.02	0.04	0.02	0.05	0.03	0.03	0.01	-0.03	0.03	-0.02	-0.01	-0.01	-0.01	-0.01	-0.01	-0.01	-0.02	-0.01	-0.01	-0.01	-0.01	0.01	-0.01	-0.01	2.93
2576930241
3556768114
2.93	-0.01	0.01	-0.01	-0.01	0.01	0.01	0.01	-0.02	-0.01	-0.01	-0.01	0.01	-0.01	-0.01	0.01	-0.01	-0.01	0.01	-0.02	0.02	-0.02	0.01	-0.01	0.02	-0.01	0.03	-0.02	0.02	-0.02	0.01	-0.01	-0.01	0.01	-0.01	0.02	-0.01	-0.01	2.86
4197104487
2654951441
2.86	0.01	-0.01	-0.01	0.01	-0.01	-0.01	-0.01	-0.01	0.01	-0.02	-0.04	0.02	0.01	-0.01	-0.01	0.01	0.01	0.01	0.02	-0.01	0.01	0.02	0.03	0.05	-0.01	-0.02	-0.01	-0.01	-0.01	-0.02	-0.01	-0.01	-0.01	-0.01	-0.01	2.79
2448758045
3645016847
2.79	-0.01	-0.01	0.01	-0.01	0.01	-0.01	0.01	-0.01	-0.01	-0.01	-0.01	-0.02	0.02	-0.01	-0.02	0.01	-0.01	-0.02	0.01	0.01	0.01	-0.01	-0.01	-0.01	0.01	-0.01	-0.01	0.01	-0.01	0.01	2.69
3108541923
1901887460
2.69	-0.01	0.01	-0.01	-0.01	-0.01	0.01	-0.01	-0.01	-0.01	-0.01	0.01	-0.01	0.01	0.01	-0.01	-0.01	0.01	-0.01	-0.01	-0.01	-0.01	0.01	-0.01	-0.01	0.01	-0.03	0.02	-0.01	0.01	-0.01	0.01	-0.01	0.01	-0.01	2.58
3329265472
473827716
2.58	-0.01	-0.02	0.01	-0.01	0.01	-0.01	-0.01	-0.01	0.01	-0.02	0.01	-0.01	-0.01	0.01	-0.01	-0.01	0.01	-0.01	0.01	-0.01	-0.01	0.01	-0.01	0.01	2.50
3172745735
503857696
2.50	-0.01	-0.02	0.03	-0.01	-0.01	-0.01	0.01	-0.01	-0.01	-0.01	-0.01	0.01	-0.01	-0.01	0.01	-0.01	0.01	-0.01	-0.01	-0.01	-0.01	2.39
4052260371
1350766707
2.39	0.01	-0.01	0.01	0.01	-0.01	-0.01	-0.01	-0.01	0.01	-0.01	-0.01	-0.01	0.01	-0.01	-0.01	-0.01	-0.01	0.01	-0.01	-0.01	0.01	-0.01	0.01	-0.01	2.32
2499870904
518423124
2.32	-0.01	-0.01	-0.01	-0.01	-0.01	-0.01	0.01	-0.01	-0.02	0.01	-0.01	0.01	0.01	-0.01	0.01	-0.01	0.01	-0.01	-0.01	-0.01	0.01	0.01	2.25
2793482585
2691734048
2.25	-0.01	-0.01	0.01	-0.01	0.01	-0.01	0.02	-0.01	0.01	0.02	-0.03	-0.01	-0.01	0.01	-0.01	0.01	-0.01	-0.01	-0.03	0.01	-0.01	-0.01	2.17
3188184896
2035025946
2.17	-0.01	0.01	-0.01	0.01	-0.01	0.01	0.02	-0.01	0.01	-0.02	-0.01	-0.01	0.01	-0.01	-0.01	-0.01	0.01	-0.02	0.01	-0.01	-0.01	-0.01	0.01	-0.01	0.01	-0.01	-0.01	2.08
3523758072
119616448
2.08	0.01	-0.01	0.01	-0.01	-0.01	-0.01	0.01	-0.01	0.01	-0.01	0.01	-0.01	0.01	-0.01	0.01	-0.01	-0.01	-0.01	0.01	-0.01	-0.01	0.01	-0.01	0.01	2.03
2183141744
1887832064
2.03	-0.01	-0.01	-0.01	0.01	-0.01	-0.01	0.01	-0.01	-0.01	0.01	-0.01	-0.01	-0.01	0.02	-0.01	1.97
2743120480
364982280
1.97	-0.01	-0.01	0.01	-0.01	-0.01	0.01	-0.01	-0.01	-0.01	0.01	-0.01	0.01	-0.01	0.01	-0.01	-0.01	0.01	-0.01	-0.01	1.90
2281702135
1252368
1.90	-0.01	-0.01	0.01	-0.01	-0.01	0.01	-0.01	0.01	-0.01	-0.01	0.01	-0.01	-0.01	0.01	-0.01	-0.01	1.84
2179991583
8195
1.84	-0.01	0.01	-0.01	0.01	-0.01	-0.01	-0.01	0.01	-0.01	0.01	-0.01	-0.01	-0.01	0.01	1.79
2519793969
2151682048
1.79	-0.01	0.01	-0.01	-0.01	0.01	-0.01	-0.01	0.01	-0.01	-0.01	0.01	-0.01	-0.01	1.73
3228819341
648165392
1.73	0.01	-0.01	-0.01	-0.01	0.01	0.03	0.01	0.01	-0.02	-0.01	-0.01	-0.01	0.02	0.01	-0.01	0.01	0.01	0.01	0.01	-0.01	-0.01	-0.01	-0.01	-0.01	0.01	-0.01	-0.01	1.72
2402812058
2065715986
1.72	-0.01	0.01	-0.01	0.01	-0.01	0.01	-0.01	-0.01	0.01	-0.01	0.01	0.01	-0.01	-0.02	0.01	0.01	-0.01	0.01	-0.01	-0.01	0.01	-0.01	-0.02	0.01	1.68
2151219200
3225127068
1.68	-0.01	0.01	-0.01	-0.01	-0.01	0.01	-0.02	0.01	0.01	-0.01	0.01	-0.01	0.01	0.01	-0.01	0.01	-0.01	1.66
2395078912
2959540225
1.66	-0.01	0.01	-0.01	-0.01	0.01	-0.01	-0.01	-0.01	0.01	-0.01	-0.01	0.01	-0.01	0.01	-0.01	-0.01	1.60
2550399490
134422918
1.60	-0.01	0.01	-0.01	0.01	-0.01	-0.01	0.01	-0.01	0.01	-0.03	0.03	-0.01	0.01	1.59
2148014092
4228923771
1.59	-0.01	-0.01	0.01	0.01	0.01	0.02	0.03	0.01	-0.01	-0.01	0.01	0.01	-0.01	-0.01	0.01	0.03	0.03	-0.02	-0.01	-0.01	1.67
4292528612
2821720092
1.67	-0.01	0.03	0.03	0.02	0.02	-0.05	-0.01	-0.03	0.01	-0.01	-0.01	-0.01	0.01	-0.01	-0.01	-0.06	-0.07	0.12	0.05	-0.01	-0.01	-0.01	0.01	0.01	-0.01	-0.01	-0.01	0.01	-0.01	1.65
4026538626
204725
1.65	-0.01	0.01	-0.01	0.01	-0.01	0.01	-0.01	-0.01	0.01	-0.01	-0.01	0.01	-0.01	0.01	-0.01	0.01	0.01	-0.01	0.01	-0.01	1.63
2156982272
2668626208
1.63	0.01	0.01	-0.01	0.01	-0.01	0.01	-0.01	0.01	-0.01	0.01	-0.01	0.01	0.01	-0.01	0.01	1.66
2448523271
2148003940
1.66	-0.01	-0.01	0.01	-0.01	0.01	-0.01	0.01	-0.01	-0.01	0.01	-0.01	0.01	-0.01	0.01	-0.01	0.01	-0.01	0.01	-0.01	-0.01	0.01	-0.01	1.62
2147948584
134218752
1.62	-0.01	0.01	-0.01	-0.01	0.01	0.01	-0.01	-0.01	-0.01	1.59
2227175425
3650199554
1.59	-0.01	0.01	-0.01	-0.01	0.01	-0.01	-0.01	0.01	-0.01	0.01	-0.01	-0.01	0.01	0.01	-0.01	1.56
2148532224
537809864
1.56	-0.01	-0.01	-0.01	0.01	-0.01	0.01	-0.01	0.01	-0.01	-0.01	0.01	0.01	1.54
2416213625
2282523645
1.54	-0.01	-0.01	-0.01	0.01	-0.01	0.01	-0.01	0.01	-0.01	0.01	-0.01	0.01	-0.01	0.01	-0.01	-0.01	0.01	-0.01	0.01	0.01	-0.06	0.05	0.04	0.01	-0.01	0.01	0.01	0.01	1.58
2617313544
2371697
1.58	-0.02	0.01	-0.01	-0.01	-0.01	0.01	-0.01	0.01	0.01	-0.01	0.01	-0.01	0.01	-0.01	-0.01	1.55
3767244803
3225419777
1.55	-0.01	0.01	-0.01	0.01	-0.01	0.01	-0.01	-0.01	0.01	-0.01	0.01	-0.01	0.01	-0.01	-0.01	1.53
4076865072
404488960
1.53	-0.01	0.01	-0.01	0.01	-0.01	-0.01	0.01	0.01	-0.01	-0.02	0.02	-0.01	0.01	-0.01	-0.01	0.01	1.51
3761242560
7550976
1.51	-0.01	0.01	-0.01	0.01	-0.01	0.01	-0.01	-0.01	0.01	-0.01	0.01	-0.01	0.01	-0.02	0.01	1.49
2457862287
98355
1.49	-0.01	0.01	-0.01	-0.01	0.01	-0.01	0.01	-0.01	-0.01	0.01	-0.01	0.01	-0.01	0.01	1.46
4160815104
62062599
1.46	0.01	-0.01	-0.01	0.01	-0.01	-0.01	0.01	-0.01	0.01	-0.01	0.01	-0.01	0.01	-0.01	-0.01	1.42
2275139488
2779084367
1.42	-0.01	0.01	0.01	-0.01	-0.01	0.01	0.01	0.01	-0.02	0.03	-0.01	-0.01	0.01	0.01	0.01	-0.01	0.01	0.01	0.01	0.01	0.01	-0.01	-0.01	0.01	-0.01	-0.01	0.01	-0.01	-0.02	0.03	-0.01	-0.02	-0.01	0.01	0.01	1.45
2360885761
404751152
1.45	-0.01	0.01	0.01	0.01	-0.01	0.01	-0.01	-0.01	-0.01	-0.01	0.01	-0.01	-0.01	0.01	0.01	-0.01	1.42
3590324291
3228375908
1.42	0.01	-0.01	0.01	-0.01	-0.01	0.01	-0.01	0.01	-0.01	0.01	-0.01	-0.01	0.01	0.01	-0.01	0.01	0.01	-0.01	-0.01	0.01	-0.01	1.41
4028565008
528728962
1.41	0.01	-0.01	0.01	-0.01	0.01	-0.01	0.01	-0.01	0.01	-0.01	0.01	-0.01	0.01	-0.01	0.01	-0.01	0.01	-0.01	0.01	-0.01	0.01	-0.01	0.01	-0.01	0.01	1.42
2516590617
117456632
1.42	-0.01	-0.01	0.01	0.01	-0.01	0.01	-0.01	-0.01	0.01	-0.01	-0.01	0.01	-0.01	0.01	-0.01	0.01	-0.01	0.01	-0.01	0.01	1.40
2382370862
3551512841
1.40	-0.01	0.01	-0.01	-0.01	0.01	0.02	-0.01	0.01	0.01	0.04	0.02	-0.01	-0.01	-0.01	0.02	-0.01	-0.01	0.01	0.01	-0.02	-0.02	-0.01	0.01	-0.01	-0.01	-0.01	1.40
2467172340
509312895
1.40	-0.01	0.01	-0.01	-0.01	0.01	-0.01	0.01	0.03	0.02	-0.01	0.01	-0.01	0.03	-0.02	-0.02	0.01	0.01	0.01	0.01	-0.01	-0.01	0.01	0.01	-0.01	0.01	-0.01	0.01	-0.02	-0.02	-0.01	0.01	-0.01	0.01	0.02	0.02	-0.03	0.02	0.02	1.48
4260222146
146839657
1.48	-0.02	-0.01	-0.01	0.01	-0.02	0.01	-0.01	0.02	-0.01	-0.01	-0.01	0.01	0.01	0.01	-0.01	-0.01	-0.01	-0.01	-0.01	-0.01	0.01	-0.01	0.01	-0.01	0.01	0.01	-0.01	-0.01	-0.01	1.38
2316609550
184811536
1.38	0.01	0.01	-0.01	0.01	-0.01	0.01	-0.01	-0.01	0.01	-0.01	-0.01	0.01	-0.01	-0.01	-0.01	1.34
4017098752
1023
0.01	0.01	0.01	0.01	0.01	0.01	0.01	0.01	0.01	0.01	-0.01	0.01	0.01	0.01	0.01	0.01	0.02	0.02	0.01	0.02	0.02	1.36
3221319879
402683917
1.36	-0.01	0.01	-0.01	-0.01	-0.01	0.02	-0.02	-0.01	0.01	-0.01	0.01	-0.01	-0.01	0.01	-0.01	0.01	-0.01	0.01	-0.01	1.31
2147485764
417267724
1.31	0.01	-0.01	-0.01	-0.01	0.01	-0.01	0.01	-0.01	0.01	-0.01	0.01	-0.01	-0.01	0.01	1.29
2256784140
3825209474
1.29	-0.01	0.01	-0.01	-0.01	0.01	-0.01	0.01	-0.01	0.01	-0.01	0.01	-0.01	0.01	-0.01	0.01	-0.01	-0.01	0.01	-0.01	1.26
2147512320
60048308
1.26	-0.01	0.01	-0.01	-0.01	0.01	-0.01	0.01	0.01	-0.01	0.01	-0.01	0.01	-0.01	0.01	-0.01	1.25
2834325520
269222003
1.25	-0.01	0.01	0.01	-0.01	0.01	-0.01	0.01	-0.01	-0.01	-0.01	0.01	-0.01	-0.01	0.01	-0.01	0.01	-0.01	1.22
2147745795
7208984
1.22	-0.01	-0.01	0.01	-0.01	0.01	-0.01	0.01	-0.01	-0.01	0.01	1.20
2162360320
520094012
1.20	-0.01	0.01	-0.01	0.01	-0.01	-0.01	0.01	-0.01	0.01	-0.01	-0.01	0.01	-0.01	0.01	-0.01	1.17
2147586432
100667392
1.17	-0.01	0.01	-0.01	0.01	-0.01	-0.01	0.01	-0.01	1.15
2164123648
101711968
1.15	-0.01	0.01	-0.01	0.01	-0.01	0.01	-0.01	0.01	-0.01	0.01	-0.01	-0.01	0.01	-0.01	-0.01	0.01	1.13
2551152640
520192
1.13	-0.01	0.01	-0.01	0.01	-0.01	0.01	-0.01	-0.01	0.01	-0.01	0.01	-0.01	0.01	-0.01	1.11
2550387456
201406976
1.11	-0.01	0.01	-0.01	0.01	-0.01	0.01	-0.01	0.01	-0.01	-0.01	0.01	-0.01	0.01	-0.01	0.01	-0.01	1.09
2148341760
415694860
1.09	-0.01	0.01	-0.01	0.01	-0.01	-0.01	0.01	-0.01	0.01	-0.01	0.01	-0.01	-0.01	0.01	1.06
4290117632
134381568
0.01	0.01	0.01	0.01	0.01	0.01	0.01	0.01	0.01	0.01	0.01	0.01	0.01	-0.01	0.01	0.01	1.05
4280360992
314279
0.01	0.01	0.01	0.01	0.01	0.01	0.01	0.01	0.01	0.01	0.01	0.01	-0.01	-0.01	-0.01	-0.01	-0.01	-0.01	-0.01	-0.01	-0.01	-0.01	-0.01	1.04
463
4294901768
-0.01	-0.01	-0.01	-0.01	-0.01	-0.01	-0.01	-0.01	-0.01	-0.01	-0.01	-0.01	-0.01	-0.02	-0.01	-0.01	-0.01	-0.01	-0.01	-0.01	-0.01	-0.01	-0.01	-0.01	1.04
3221231631
536870937
1.04	-0.01	-0.01	0.01	-0.01	0.01	-0.01	0.01	-0.01	-0.01	0.01	-0.01	1.02
2415919104
328871948
1.02	-0.01	-0.01	0.01	-0.01	0.01	-0.01	0.01	-0.01	0.01	-0.01	-0.01	0.01	1.00
152
537651104
-0.01	-0.01	-0.01	-0.01	0.01	0.01	0.01	0.01	0.01	0.01	0.01	0.01	0.01	0.01	0.01	0.99
4294877184
2597
0.01	0.01	0.01	0.01	0.01	0.01	0.01	0.01	0.01	0.01	0.01	0.01	0.01	0.01	0.01	0.01	0.01	-0.01	-0.01	-0.01	-0.01	-0.01	1.01
4026531904
1327616
-0.03	-0.03	-0.03	-0.03	-0.01	-0.01	-0.01	-0.01	-0.01	1.00
2859986603
0
0.01	0.01	0.01	0.01	0.01	0.01	0.01	0.01	0.01	0.01	0.01	0.01	0.01	0.01	0.01	0.01	0.01	0.01	0.01	0.01	0.01	1.00
2147581964
284164096
1.00	-0.01	0.01	-0.01	0.01	-0.01	0.01	-0.01	0.01	-0.01	0.99
2147926811
536877056
0.99	-0.01	0.01	-0.01	0.01	-0.01	0.01	-0.01	0.01	-0.01	0.01	-0.01	-0.01	0.01	0.98
21094384
10
-0.01	-0.01	0.01	0.01	0.01	0.01	0.01	0.01	0.01	0.01	0.01	0.01	0.01	0.01	-0.01	-0.01	0.97
3539992961
2351116288
0.97	0.01	-0.01	0.01	-0.01	-0.01	0.01	-0.01	0.01	-0.01	0.01	-0.01	0.01	-0.01	0.01	-0.01	0.96
4768
1427673008
-0.01	-0.01	-0.01	-0.01	-0.01	-0.01	-0.01	-0.01	-0.01	-0.01	-0.01	-0.01	-0.01	-0.01	-0.01	-0.01	-0.01	-0.01	0.96
3224396288
402654976
0.96	0.01	0.01	-0.01	-0.01	0.01	-0.01	-0.01	0.01	-0.01	0.01	-0.01	0.95
0
105343
-0.01	-0.01	-0.01	-0.01	-0.01	-0.01	-0.01	-0.01	-0.01	-0.01	-0.01	-0.01	-0.01	0.94
2151624720
1640
0.94	0.01	-0.01	0.01	-0.01	0.01	-0.01	0.01	0.01	-0.01	-0.01	0.01	-0.01	0.01	-0.01	0.94
2176949571
3254782006
0.94	0.01	-0.01	0.01	-0.02	0.01	-0.01	0.01	0.01	-0.01	0.01	-0.01	0.01	-0.01	0.01	0.01	-0.01	-0.01	-0.02	-0.01	0.04	0.95
2081431552
268468737
-0.01	-0.01	-0.03	-0.03	-0.04	0.01	0.01	-0.01	-0.01	-0.01	-0.01	0.95
2148296690
1078984707
0.95	-0.01	0.01	-0.01	0.01	-0.01	0.01	-0.01	0.01	-0.01	0.01	-0.01	0.01	-0.01	0.01	-0.01	0.01	-0.01	0.94
512
34078719
0.01	-0.01	-0.01	-0.01	-0.04	-0.01	0.01	0.02	0.02	0.03	0.02	0.02	0.03	0.03	0.02	0.03	0.03	0.03	0.03	0.03	0.03	0.97
2149580800
259207168
0.97	-0.01	-0.01	0.01	-0.01	0.01	-0.01	0.01	-0.01	0.01	-0.01	0.01	-0.01	0.95
2575318398
2077843879
0.95	-0.01	0.01	-0.01	0.01	-0.01	0.01	-0.01	0.01	-0.01	-0.01	-0.01	0.01	-0.02	0.02	0.01	0.01	0.01	0.01	-0.01	0.02	-0.02	-0.01	0.01	-0.01	-0.02	0.01	0.05	0.01	0.01	0.02	-0.01	0.04	0.04	-0.04	1.04
3730071650
8397868
1.04	0.01	0.01	-0.02	0.01	0.01	0.01	-0.01	0.01	-0.02	0.02	0.01	-0.01	-0.01	-0.01	0.01	-0.01	-0.01	0.01	0.01	1.05
4094689024
940441792
1.05	0.01	-0.01	0.01	-0.01	-0.01	-0.01	0.01	-0.02	-0.01	-0.01	0.01	0.01	0.03	0.01	-0.01	0.01	0.02	-0.02	0.01	-0.01	0.01	-0.01	0.01	-0.01	1.06
384
3145727
-0.01	-0.01	-0.01	-0.01	-0.01	-0.01	-0.01	-0.01	-0.01	-0.01	-0.02	-0.01	-0.01	-0.01	-0.01	-0.01	-0.01	-0.01	-0.01	-0.01	-0.01	-0.01	-0.01	1.05
325632
1034
0.01	0.01	0.01	0.01	0.01	0.01	-0.01	-0.01	-0.01	1.04
3920232448
285664607
0.01	0.01	0.01	0.01	0.01	0.01	0.01	0.01	0.01	-0.01	-0.01	-0.01	-0.01	-0.01	-0.01	-0.01	-0.01	-0.01	-0.01	-0.01	-0.01	-0.01	-0.01	-0.01	1.03
134221824
21102591
-0.01	-0.01	-0.01	-0.01	-0.01	-0.01	-0.01	-0.01	-0.01	-0.01	-0.01	-0.01	-0.01	-0.01	-0.01	-0.01	-0.01	-0.01	-0.01	-0.01	-0.02	1.01
3151327264
268436109
0.01	0.01	0.01	0.01	0.01	0.01	0.01	0.01	0.01	0.01	0.01	0.01	0.01	0.01	0.01	-0.01	-0.01	-0.01	-0.01	-0.01	-0.01	1.00
2172649875
3241672704
1.00	-0.01	0.01	-0.01	0.01	-0.01	0.01	-0.01	0.01	-0.01	0.01	-0.01	0.01	-0.01	0.99
2147483651
310378496
0.99	-0.01	0.01	-0.01	0.01	-0.01	0.97
3959177856
16397
0.01	0.01	0.01	0.01	0.01	0.01	0.01	0.01	0.01	0.01	0.01	0.01	0.01	0.01	0.01	-0.01	-0.01	-0.01	-0.01	0.96
33558528
1053871
0.01	-0.01	-0.01	-0.01	-0.01	-0.01	-0.01	-0.01	-0.01	-0.01	-0.01	0.95
0
2419607033
-0.01	-0.01	-0.01	-0.01	-0.01	-0.01	-0.01	-0.01	-0.01	-0.01	-0.01	-0.01	-0.01	-0.01	0.94
16
16814509
-0.01	-0.01	-0.01	-0.01	-0.01	-0.01	-0.01	-0.01	-0.01	-0.01	0.93
2097152
135168
0.01	-0.01	-0.01	0.93
2483028035
6488088
0.93	-0.01	0.01	-0.01	0.01	-0.01	0.01	-0.01	0.01	-0.01	-0.01	0.01	0.92
2147514575
4063232000
0.92	-0.01	0.01	-0.01	0.01	-0.01	0.01	-0.01	0.01	-0.01	0.01	-0.01	0.01	-0.01	0.01	-0.01	0.01	-0.01	0.91
603979776
273944575
0.01	0.01	-0.01	-0.01	-0.01	-0.01	-0.01	-0.01	-0.01	-0.01	-0.01	-0.01	-0.01	-0.01	-0.01	-0.01	-0.01	-0.01	0.90
0
4096
-0.01	0.89
3758085123
2097152
0.01	0.01	0.01	0.01	0.01	0.01	0.01	0.01	0.01	0.01	0.01	0.01	0.01	0.01	0.01	0.01	0.01	0.01	0.01	0.01	0.01	0.01	0.89
268435456
134299680
-0.01	-0.01	-0.01	-0.01	-0.01	0.89
2349895680
98433551
-0.01	-0.01	-0.01	-0.01	-0.01	-0.01	-0.01	-0.01	-0.01	-0.01	-0.01	-0.01	-0.01	-0.01	-0.01	-0.01	-0.01	-0.01	-0.01	-0.01	-0.01	-0.01	-0.01	-0.01	0.88
671090176
805306368
0.01	0.01	-0.01	0.01	-0.01	-0.01	0.88
3758099137
1082229510
0.88	-0.01	0.01	-0.01	0.01	-0.01	0.01	-0.01	0.01	-0.01	0.01	-0.01	0.01	-0.01	0.01	-0.01	0.87
0
33558529
-0.01	-0.01	-0.01	0.87
2820638752
791156340
0.87	-0.01	0.01	-0.01	0.01	-0.01	0.01	-0.01	0.01	-0.01	0.01	-0.01	0.01	-0.01	0.01	-0.01	0.01	-0.01	0.01	-0.01	0.01	-0.01	0.01	-0.01	0.01	0.87
2373982652
106823680
0.87	-0.01	0.01	-0.01	0.01	-0.01	0.01	-0.01	0.01	-0.01	0.01	-0.01	0.01	-0.01	0.01	-0.01	0.01	-0.01	0.01	-0.01	0.86
4096
319815684
-0.01	-0.01	-0.01	-0.01	-0.01	-0.01	0.86
2163098402
2122230026
0.86	-0.01	0.01	-0.01	0.01	-0.01	0.01	-0.01	0.01	-0.01	0.01	-0.01	0.01	-0.01	0.01	0.01	-0.02	-0.01	0.05	0.62	0.04	-0.22	-0.39	-0.01	0.01	-0.01	0.01	-0.01	-0.02	0.01	0.92
3220964358
1583616
0.92	0.01	-0.02	-0.01	-0.02	0.01	0.01	0.03	0.01	-0.01	0.01	-0.01	0.01	-0.01	0.01	-0.01	-0.01	0.01	-0.01	0.01	-0.01	0.91
3471114240
8389121
0.01	0.01	0.01	0.01	0.01	0.01	0.01	0.01	0.01	0.01	-0.01	0.01	-0.01	0.90
4293919264
2048
0.01	0.01	0.01	0.01	0.01	0.01	0.01	0.01	0.01	0.01	0.01	0.01	0.01	0.01	-0.01	0.90
3073376256
2147483648
0.90	-0.01	0.01	-0.01	0.01	-0.01	0.01	-0.01	-0.01	0.87
4194304000
268374017
0.01	0.01	0.01	0.01	0.01	0.01	-0.01	-0.01	-0.01	-0.01	-0.01	-0.01	-0.01	-0.01	-0.01	-0.01	-0.01	-0.01	-0.01	0.01	0.87
4261412864
69735424
0.01	0.01	0.01	0.01	0.01	0.01	0.01	-0.01	-0.01	-0.01	-0.01	-0.01	0.94
4277166080
3342394
0.94	0.02	-0.09	-0.02	0.05	0.03	0.01	0.01	-0.01	-0.02	-0.02	0.04	0.01	0.01	-0.01	0.01	-0.01	-0.01	-0.02	-0.01	0.01	0.92
3071319612
511706744
0.92	-0.01	0.01	-0.01	-0.01	-0.01	0.01	0.04	-0.02	-0.01	0.01	0.03	-0.01	0.01	-0.01	0.01	-0.01	0.01	-0.01	0.01	-0.01	-0.01	0.01	-0.01	0.01	-0.01	0.01	0.94
2385510403
16775811
0.94	-0.01	0.01	-0.01	0.01	-0.01	0.01	-0.01	0.01	0.01	-0.01	0.01	0.30	-0.13	-0.12	-0.02	0.01	0.01	0.01	-0.02	-0.01	-0.01	-0.01	0.01	-0.01	0.96
2554138626
1075845427
0.96	0.01	-0.01	0.01	0.02	-0.01	-0.01	-0.01	-0.01	-0.01	-0.01	0.01	-0.01	0.01	0.02	0.01	-0.01	0.01	0.01	1.00
3470794755
1879048194
1.00	0.03	0.02	-0.01	-0.01	-0.01	0.01	-0.01	-0.01	-0.01	0.01	-0.01	0.01	-0.01	-0.01	0.99
1022
44040287
0.01	0.01	0.01	0.01	0.01	0.01	0.01	0.01	0.01	0.01	0.01	0.01	0.01	0.01	0.01	0.01	0.02	0.02	1.02
3758217664
0
1.02	-0.01	0.01	0.01	-0.01	0.01	-0.01	0.01	-0.01	0.01	-2.03	