0.29
3851486006
3.71	-0.29	-0.06	0.01	0.01	0.01	0.01	0.01	0.01	0.01	0.01	0.01	0.01	0.01	0.29
8781824
0.01	0.01	0.01	0.29
4096
-0.01	0.29
2098176
-0.01	-0.01	0.28
1577070592
0.01	0.01	0.01	0.01	0.01	0.01	0.01	0.28
256
-0.01	0.28
537136127
-0.01	-0.01	-0.01	-0.01	-0.01	-0.01	-0.01	-0.01	-0.01	-0.01	-0.01	-0.01	-0.01	0.27
80
-0.01	-0.01	0.27
989921314
-0.01	-0.01	-0.01	-0.01	-0.01	-0.01	-0.01	0.02	0.26
2020605952
0.01	0.01	0.01	0.01	0.01	0.01	0.01	0.26
0
0.27
4257243359
-0.01	-0.01	-0.01	-0.01	-0.01	-0.01	0.01	0.01	0.01	-0.01	-0.01	0.01	0.01	0.04	0.13	0.10	0.07	0.04	0.27
4217380864
0.02	0.01	0.01	0.01	0.01	0.01	0.01	0.01	0.01	0.01	0.27
0
0.27
0
0.28
4231233538
-0.01	-0.01	-0.02	-0.01	-0.01	-0.01	-0.01	-0.01	0.01	0.01	0.01	0.01	0.28
130023680
0.01	0.01	0.01	0.01	0.01	-0.01	0.28
4253
-0.01	-0.01	-0.01	-0.01	-0.01	-0.01	0.27
2684355078
0.01	0.01	0.01	0.01	0.01	0.27
33554432
0.01	0.27
536870912
0.01	0.27
0
0.27
2102276
-0.01	-0.01	-0.01	-0.01	0.27
8396779
-0.01	-0.01	-0.01	-0.01	-0.01	-0.01	-0.01	-0.01	-0.01	-0.01	-0.01	-0.01	0.27
2151680000
-0.01	-0.01	-0.01	0.27
271056895
-0.01	0.01	0.01	0.01	0.03	0.04	0.03	0.03	0.03	0.03	0.02	0.02	0.03	0.03	0.04	0.04	0.05	0.09	0.14	0.16	0.18	0.44
3633977332
0.44	0.01	-0.02	0.01	-0.01	-0.01	0.01	-0.01	-0.01	-0.01	-0.01	-0.01	-0.02	-0.01	-0.01	-0.01	-0.01	0.32
4352
-0.01	-0.01	0.31
3533832704
0.01	0.01	0.01	0.01	0.01	0.01	0.01	0.01	0.31
0
0.31
402735147
-0.01	-0.01	-0.01	-0.01	-0.01	-0.01	-0.01	-0.01	0.30
2147516416
0.01	-0.01	0.30
4105
-0.01	-0.01	-0.01	0.29
3191193633
0.01	0.01	0.01	0.01	0.01	0.01	0.01	0.01	0.01	0.01	0.01	0.01	0.01	0.01	0.29
100679679
0.01	0.01	0.01	0.01	0.01	0.01	0.01	0.01	0.01	0.01	0.01	0.01	0.01	0.01	0.01	0.01	0.30
268468225
-0.01	-0.01	-0.01	0.30
6292480
-0.01	-0.01	-0.01	0.29
1791942663
0.01	0.01	0.01	0.01	0.01	0.01	0.01	0.01	0.01	0.01	0.01	0.01	0.01	0.01	0.01	0.29
2693301516
0.01	0.01	-0.01	-0.01	-0.01	-0.01	-0.01	-0.01	-0.01	0.29
755851471
-0.01	-0.01	-0.01	-0.01	-0.01	-0.01	-0.01	-0.01	-0.01	-0.01	-0.01	-0.01	-0.01	-0.01	-0.01	0.28
2147484160
0.01	0.01	0.28
544
0.01	-0.01	0.28
0
0.28
0
0.28
0
0.28
17301504
-0.01	-0.01	0.28
67108864
-0.01	0.28
2097152
-0.01	0.28
0
0.28
1074266368
-0.01	-0.01	-0.01	0.28
268697729
-0.01	-0.01	-0.01	-0.01	0.28
272761024
-0.01	-0.01	-0.01	-0.01	-0.01	0.28
134298751
-0.01	-0.01	-0.01	-0.01	-0.01	-0.01	-0.01	-0.01	-0.01	-0.01	-0.01	-0.01	-0.01	0.27
539246594
0.01	0.01	0.01	0.01	0.01	0.27
268582913
0.01	0.01	-0.01	0.01	0.27
140713983
0.01	0.01	0.01	0.01	0.01	0.01	0.01	0.01	0.01	0.01	0.01	0.02	0.02	0.02	0.01	0.01	0.02	0.02	0.28
2803551105
0.01	0.01	0.01	0.01	0.01	0.01	0.01	0.01	0.01	0.01	0.01	0.01	0.01	0.01	-0.01	0.28
134217728
-0.01	0.28
2147483648
-0.01	0.28
0
0.28
4106
-0.01	-0.01	-0.01	0.28
4228120704
-0.01	-0.01	-0.01	-0.01	-0.01	-0.01	-0.01	-0.01	0.29
4027252736
-0.01	-0.01	-0.01	-0.01	-0.01	-0.01	-0.01	0.29
167772160
-0.01	-0.01	0.29
0
0.29
103
0.01	0.01	-0.01	-0.01	-0.01	0.28
3
0.01	0.01	0.29
4352
-0.01	-0.01	0.29
268435460
-0.01	0.01	0.29
67108864
-0.01	0.29
379
0.01	0.01	0.01	0.01	0.01	0.01	0.01	0.28
2147483903
0.01	0.01	0.01	0.01	0.01	0.01	0.01	0.01	0.01	0.29
2227168
0.01	-0.01	-0.01	-0.01	-0.01	-0.01	-0.01	-0.01	-0.01	-0.01	-0.01	-0.01	0.30
4253155400
-0.01	-0.01	-0.01	-0.01	-0.01	-0.01	-0.01	-0.01	-0.01	-0.01	-0.01	0.30
4259840
-0.01	-0.01	0.30
335544320
-0.01	-0.01	0.29
4076884000
0.02	0.01	0.01	0.01	-0.01	-0.01	-0.01	-0.01	0.01	0.30
822095877
-0.01	-0.01	-0.01	-0.01	-0.01	-0.01	-0.01	0.30
8392704
-0.01	-0.01	0.29
3741057024
0.01	0.01	0.01	0.01	0.01	0.01	0.01	0.01	0.01	0.01	0.01	0.01	0.29
0
0.29
131072
-0.01	0.29
31
0.01	0.09	0.06	0.03	0.03	0.29
4261543936
0.02	0.02	0.03	0.02	0.02	0.02	0.01	0.01	0.29
5783547
0.01	0.01	0.01	0.01	0.05	0.03	0.02	0.01	0.01	0.02	0.01	0.03	0.03	0.01	-0.01	0.01	0.28
3227516703
0.01	0.01	0.01	0.10	0.02	0.02	0.02	0.02	0.02	0.01	0.01	0.01	0.01	0.01	0.02	0.02	0.01	0.01	0.02	0.02	0.01	0.29
4191682576
-0.01	-0.01	-0.01	-0.01	-0.01	-0.01	-0.01	-0.01	-0.01	-0.01	-0.01	0.29
16376
0.01	0.03	0.03	0.02	0.03	0.02	0.02	0.03	0.01	0.01	0.01	0.30
3269459968
-0.01	-0.01	0.01	0.01	0.01	0.01	0.30
0
0.30
0
0.30
8194
0.01	0.01	0.30
346030080
0.01	0.01	0.01	0.01	0.30
24640144
0.01	0.01	0.01	0.01	0.01	0.01	0.01	0.01	0.01	0.01	0.01	0.01	0.01	0.01	0.01	0.30
2172438
0.01	0.01	0.01	0.01	0.01	0.01	0.01	0.01	0.30
2179276864
0.01	0.01	0.01	0.01	0.01	0.01	0.01	0.01	-0.01	0.30
0
0.30
496
0.01	0.01	0.01	0.01	0.01	0.30
3322712055
-0.01	-0.01	0.01	-0.01	0.01	0.01	0.01	0.01	0.01	0.02	0.02	0.02	0.02	0.01	0.01	0.01	0.01	0.02	0.32
3490709503
0.02	0.01	-0.01	0.01	0.03	0.05	0.06	0.06	0.06	0.05	0.05	0.06	0.06	0.06	0.06	0.05	0.04	0.04	0.03	0.03	0.03	0.04	0.04	0.36
4294885376
0.01	0.01	0.03	0.03	0.04	0.04	0.04	0.04	0.03	0.03	0.03	0.02	0.01	0.01	0.02	-0.01	-0.01	0.36
257
-0.01	-0.01	0.36
2101248
-0.01	-0.01	0.36
2148802560
-0.01	-0.01	-0.01	-0.01	0.36
0
0.36
4194000
-0.02	-0.02	-0.03	-0.03	-0.02	-0.04	-0.03	-0.03	-0.02	-0.01	-0.01	-0.01	-0.01	-0.01	-0.01	-0.01	0.36
67
-0.01	-0.01	-0.01	0.36
0
0.36
8380669
0.03	0.01	0.03	0.02	0.01	0.01	0.01	0.01	0.01	0.01	0.01	0.01	0.01	0.01	0.01	0.01	0.01	0.37
8405002
-0.01	-0.01	-0.01	-0.01	0.36
3933306912
0.01	0.01	0.01	0.01	0.01	0.01	0.01	0.01	0.01	0.01	0.01	0.36
644875296
0.01	0.01	0.01	0.01	0.01	0.01	0.01	0.01	0.36
18208
0.01	0.01	0.01	0.01	0.01	0.36
6194175
0.01	0.01	0.01	0.01	0.01	0.01	-0.01	-0.02	-0.02	-0.02	-0.02	-0.02	-0.02	-0.02	-0.02	-0.02	0.34
1887308839
0.01	0.01	0.01	0.01	0.01	0.01	0.01	0.01	0.01	0.01	0.01	0.01	0.01	0.01	0.01	0.35
4194304
-0.01	0.35
0
0.35
2097152
0.01	0.35
0
0.35
0
0.35
0
0.35
0
0.35
535
0.01	0.01	0.01	-0.01	-0.01	0.35
825229312
0.01	0.01	-0.01	0.03	0.01	0.35
0
0.35
1049249
-0.01	-0.01	-0.01	-0.01	-0.01	0.34
4
-0.01	0.34
536870912
-0.01	0.34
659663
-0.01	-0.01	-0.01	-0.01	-0.01	-0.01	-0.01	-0.01	-0.01	0.33
172352
0.01	0.01	0.01	0.01	0.01	0.33
536870912
0.01	0.33
16416
-0.01	0.01	0.33
1241518079
0.01	0.01	0.01	0.01	0.01	0.01	0.01	0.01	0.01	0.02	0.02	0.02	0.02	0.01	0.02	0.35
8388608
-0.01	0.35
0
0.35
8192
0.01	0.35
6
0.01	0.01	0.35
46228159
0.01	0.01	0.01	0.01	0.01	0.01	0.01	0.01	0.01	0.01	0.01	0.01	0.01	0.01	0.36
2706149545
-0.01	-0.01	-0.01	-0.01	-0.01	-0.01	-0.01	-0.01	-0.01	-0.01	-0.01	-0.01	0.36
276955200
-0.01	-0.01	-0.01	-0.01	0.36
1476463359
-0.01	-0.01	-0.01	-0.01	-0.01	-0.01	-0.01	-0.01	-0.01	-0.01	-0.01	-0.01	-0.01	-0.01	0.35
127
0.02	0.02	0.02	0.02	0.02	0.02	0.02	0.37
5120
-0.01	-0.01	0.37
128
-0.01	0.37
4096
-0.01	0.37
0
0.37
0
0.37
1048576
-0.01	0.37
0
0.37
12159
0.01	0.01	0.01	0.01	0.01	0.01	0.01	0.01	0.01	0.01	0.01	0.01	0.37
3766367570
0.01	0.01	0.01	-0.01	-0.01	-0.01	-0.01	-0.01	-0.01	-0.01	-0.01	-0.01	-0.01	-0.01	-0.01	-0.01	0.36
4087410717
0.01	0.01	0.01	0.01	0.01	0.01	0.01	0.01	0.01	0.01	0.01	0.01	0.01	0.01	0.01	0.01	0.36
4263533097
0.01	0.01	0.01	0.01	0.01	0.01	0.01	0.01	0.01	-0.01	0.01	-0.01	0.01	0.01	-0.01	0.36
8388608
0.01	0.36
131106
0.01	0.01	0.01	0.36
57344
0.01	0.01	0.01	0.36
0
0.36
0
0.36
2097184
0.01	0.01	0.36
973080575
0.01	0.01	0.01	0.01	-0.01	-0.01	-0.01	-0.01	-0.01	-0.01	-0.01	-0.01	-0.01	-0.01	-0.01	0.34
3457417412
0.01	0.01	0.01	0.01	0.01	-0.01	-0.01	-0.01	-0.01	-0.01	0.35
4194516992
-0.01	-0.01	-0.01	-0.01	-0.01	-0.01	-0.01	-0.01	-0.01	0.36
4289024032
-0.01	-0.01	-0.01	-0.01	-0.01	-0.01	-0.01	-0.01	-0.01	-0.01	-0.01	-0.01	-0.01	-0.01	-0.01	0.36
67109888
-0.01	-0.01	0.36
0
0.36
4128
0.02	0.01	0.36
41469
0.01	0.01	0.01	0.01	0.01	0.01	0.01	0.01	0.01	0.01	0.36
2947547137
0.01	0.01	0.01	0.01	0.01	0.01	0.01	0.01	0.01	-0.01	0.36
2098179
-0.01	-0.01	0.01	0.01	0.36
3246419968
0.01	0.01	0.01	0.01	-0.01	-0.01	-0.01	0.36
277349496
-0.01	-0.01	-0.01	0.01	0.01	0.01	0.01	0.01	0.37
3708149525
-0.01	-0.01	-0.01	-0.01	-0.01	-0.01	-0.01	-0.01	0.20	0.05	0.28	0.03	0.02	0.01	0.01	0.01	-0.01	0.03	0.38
268428272
0.21	0.08	0.05	0.03	0.03	0.02	0.02	0.02	0.02	0.01	0.01	0.01	0.01	0.01	0.01	-0.01	-0.01	-0.01	-0.01	0.02	-0.01	0.37
4290772995
0.01	0.01	0.01	0.03	0.02	0.02	0.01	0.01	0.01	0.01	0.04	0.03	0.39
2482934305
0.39	-0.01	0.14	0.09	-0.02	-0.02	-0.03	-0.02	-0.01	-0.02	-0.01	-0.01	-0.01	-0.01	-0.01	-0.01	0.43
67633151
-0.01	-0.01	-0.01	-0.01	-0.01	-0.01	-0.01	-0.01	-0.01	-0.01	-0.01	-0.02	-0.02	-0.02	-0.02	-0.02	-0.03	-0.02	-0.03	-0.04	0.38
3188060185
0.01	0.01	0.01	0.01	0.01	0.01	-0.01	-0.01	-0.01	-0.01	-0.01	-0.01	0.01	0.01	0.01	0.38
8392706
-0.01	-0.01	-0.01	0.38
4196417
-0.01	-0.01	-0.01	-0.01	0.38
1265090560
-0.01	-0.01	-0.01	-0.01	-0.01	-0.01	0.01	0.01	0.01	0.01	0.01	0.38
2147484224
-0.01	-0.01	-0.01	0.38
1074266368
-0.01	-0.01	-0.01	0.38
537137152
-0.01	-0.01	-0.01	0.38
2137530436
0.02	0.02	0.02	0.01	0.01	0.01	0.01	0.01	-0.01	0.01	0.01	-0.01	-0.01	0.38
135266304
-0.01	-0.01	0.38
268435520
-0.01	-0.01	0.38
0
0.38
0
0.38
8391687
-0.01	0.01	-0.01	-0.01	-0.01	-0.01	0.38
1349454005
-0.01	-0.01	-0.01	-0.01	-0.01	-0.01	-0.01	-0.01	-0.01	-0.01	-0.01	-0.01	-0.01	-0.01	0.38
3634924544
-0.01	-0.01	-0.01	-0.01	-0.01	-0.01	-0.01	-0.01	-0.01	-0.01	0.38
2153120256
-0.01	-0.01	-0.01	-0.01	-0.01	-0.01	0.38
1074270592
-0.01	-0.01	-0.01	-0.01	-0.01	0.38
1076101256
-0.01	-0.01	-0.01	-0.01	-0.01	0.38
82968576
-0.01	0.02	0.04	0.03	0.01	-0.01	0.38
262103
0.01	0.03	0.03	0.01	0.02	0.01	0.01	0.01	0.01	0.01	0.01	0.01	0.01	0.01	0.01	0.01	0.39
1151392780
-0.01	-0.01	-0.01	-0.01	-0.01	-0.01	-0.01	-0.01	-0.01	0.02	0.01	0.39
4096
-0.01	0.40
4294443012
-0.01	-0.01	-0.01	-0.01	-0.01	-0.01	-0.01	-0.01	-0.01	-0.01	-0.01	-0.01	-0.01	-0.01	0.40
8392706
-0.01	-0.01	-0.01	0.39
3943719944
0.01	0.01	0.01	0.01	0.01	0.01	0.01	0.01	0.01	0.01	0.01	0.39
536879112
0.01	0.01	-0.01	0.39
2148569616
-0.01	-0.01	-0.01	-0.01	-0.01	-0.01	0.39
590080
-0.01	-0.01	-0.01	0.39
664664384
-0.01	-0.01	-0.01	-0.01	-0.01	-0.01	-0.01	-0.01	-0.01	-0.01	-0.01	-0.01	-0.01	-0.01	-0.01	0.02	0.39
1342177380
0.01	-0.01	-0.01	-0.01	-0.01	0.38
3822854401
0.01	0.01	0.01	0.01	0.01	0.01	0.01	0.01	0.01	0.01	0.01	0.01	0.01	0.38
537133184
0.01	0.01	0.01	0.38
0
0.38
989
-0.01	-0.01	-0.01	-0.01	-0.01	-0.01	-0.01	-0.01	0.38
277092416
-0.01	-0.01	-0.01	-0.01	-0.01	-0.01	0.37
4132433920
0.01	0.01	0.01	0.01	0.01	0.01	-0.01	0.01	0.01	0.01	0.01	0.01	0.01	0.04	0.03	0.37
147454
0.01	0.08	0.01	0.01	0.01	0.01	0.01	0.01	0.01	0.01	0.01	0.01	0.01	0.01	0.38
3495887831
-0.01	-0.01	-0.01	-0.01	-0.01	-0.01	-0.01	-0.01	-0.01	0.01	0.01	-0.01	-0.01	0.01	-0.01	-0.01	-0.01	0.37
0
0.37
50
0.01	0.01	0.01	0.37
3759161888
0.01	0.01	0.01	0.01	0.01	0.01	0.01	0.38
2819692577
-0.01	-0.01	-0.01	-0.01	-0.01	-0.01	-0.01	-0.01	-0.01	0.38
8421392
-0.01	-0.01	-0.01	0.38
34623496
-0.01	-0.01	-0.01	-0.01	-0.01	0.38
538315303
0.01	0.01	0.01	0.01	0.01	0.01	0.01	-0.01	0.03	0.03	0.40
100663296
0.01	0.01	0.40
0
0.40
512
0.01	0.40
33847606
0.01	0.01	0.01	0.01	0.01	0.01	0.01	0.01	0.01	0.01	0.01	0.38
4294018950
0.03	0.02	0.03	0.02	0.03	0.02	0.02	0.03	0.02	0.01	0.01	0.01	0.01	0.01	0.01	0.01	0.01	0.01	0.01	0.01	0.39
2147483648
-0.01	0.39
1049092
0.01	0.01	0.01	0.40
3183706144
-0.01	-0.01	-0.01	-0.01	-0.01	-0.01	-0.01	-0.01	-0.01	-0.01	-0.01	-0.01	0.40
83918864
-0.01	-0.01	-0.01	-0.01	0.40
302006536
-0.01	-0.01	-0.01	-0.01	-0.01	0.40
16777216
-0.01	0.40
20480
-0.01	-0.01	0.40
15
-0.01	-0.01	-0.01	-0.01	0.40
6299384
-0.01	-0.01	-0.01	-0.01	-0.01	-0.01	-0.01	-0.01	-0.01	-0.01	-0.01	0.40
2953842688
-0.01	-0.01	-0.01	-0.01	-0.01	0.40
42932416
0.01	-0.01	-0.01	-0.01	-0.01	-0.01	0.01	0.01	0.01	0.01	0.40
58720256
0.01	0.01	0.01	0.40
2218314552
0.01	0.01	0.01	0.01	0.01	0.01	0.01	0.01	0.01	0.01	0.01	0.01	0.01	0.41
4185982976
-0.01	-0.01	-0.01	-0.01	-0.01	-0.01	-0.01	-0.01	-0.01	0.41
268992528
-0.01	-0.01	-0.01	-0.01	0.41
570441736
-0.01	-0.01	-0.01	-0.01	0.40
3972002290
0.01	0.01	0.01	0.01	0.01	0.03	-0.02	-0.01	-0.02	-0.02	-0.02	-0.02	-0.02	-0.01	-0.01	-0.01	-0.01	-0.01	-0.01	0.01	0.01	0.01	0.40
2113973222
0.01	0.01	0.01	0.01	0.01	0.01	0.01	0.01	0.01	0.01	0.01	0.01	0.01	0.01	0.03	-0.01	0.41
4294443008
-0.02	-0.02	-0.01	-0.01	-0.01	-0.01	-0.02	-0.02	-0.02	-0.02	-0.01	-0.01	-0.01	0.41
129791
0.01	0.01	0.01	0.01	0.01	0.01	0.01	0.01	0.01	0.01	0.01	0.01	0.01	0.01	0.01	0.42
2148536317
-0.01	-0.01	-0.01	-0.01	-0.01	-0.01	-0.01	-0.01	-0.01	-0.01	-0.01	-0.01	-0.01	0.41
2189426732
0.01	0.01	0.01	0.01	0.01	0.01	0.42
4160880644
-0.01	-0.01	-0.01	-0.01	-0.01	-0.01	-0.01	0.42
512
0.01	0.42
543
0.01	0.01	0.02	0.02	0.01	0.01	0.42
4223666135
0.01	0.01	0.01	0.01	0.01	0.01	0.01	0.01	0.01	-0.01	-0.01	-0.01	-0.01	-0.01	-0.01	-0.01	-0.01	-0.01	0.42
110984968
-0.01	-0.01	-0.01	-0.01	-0.01	-0.01	-0.01	-0.01	-0.01	-0.01	-0.01	-0.02	-0.01	-0.01	-0.01	0.42
687866240
-0.01	-0.01	-0.01	-0.01	-0.01	0.42
65824
-0.01	-0.01	-0.01	0.42
65535
-0.01	0.07	0.06	0.03	0.02	0.02	0.02	0.02	0.02	0.02	0.02	0.02	0.02	0.02	0.02	0.01	0.44
338928981
-0.01	-0.01	-0.01	-0.01	-0.01	-0.01	-0.01	-0.01	-0.01	-0.01	-0.01	-0.01	-0.01	-0.01	0.42
4294458304
0.01	0.01	0.01	0.01	0.01	0.01	0.02	0.02	0.01	0.01	0.01	-0.01	-0.01	0.01	-0.01	-0.01	-0.01	-0.01	-0.01	-0.01	0.42
16777216
0.01	0.42
0
0.42
268435456
-0.01	0.42
29056
-0.01	-0.01	-0.01	0.01	0.01	0.42
1611134928
-0.01	-0.01	0.07	0.04	0.01	0.01	0.05	0.03	-0.01	0.02	-0.01	-0.01	-0.01	-0.01	-0.01	0.42
0
0.42
2851059
0.01	0.01	0.01	0.01	0.01	0.01	0.01	0.01	0.01	0.01	0.01	0.42
3963691844
0.01	0.01	0.01	0.01	0.01	0.01	0.01	0.01	0.01	0.01	0.01	0.01	0.43
2840922247
-0.01	-0.01	-0.01	-0.01	-0.01	-0.01	-0.01	-0.01	-0.01	-0.01	-0.01	-0.01	-0.01	0.43
2923369504
-0.01	-0.01	-0.01	-0.01	-0.01	-0.01	-0.01	-0.01	-0.01	-0.01	-0.01	-0.01	-0.01	-0.01	0.42
135970244
-0.01	-0.01	-0.01	0.01	0.01	0.01	0.01	0.01	0.01	0.01	0.01	0.01	-0.01	0.42
268435456
0.01	0.42
6094848
0.01	0.01	-0.01	-0.01	-0.01	0.43
2096625
0.01	0.01	-0.01	-0.02	-0.02	-0.01	-0.01	-0.01	-0.01	-0.01	-0.01	-0.01	-0.01	-0.02	-0.01	-0.01	-0.01	0.43
503549952
-0.01	-0.01	-0.01	-0.01	-0.01	-0.01	-0.01	-0.01	0.43
67149856
-0.01	-0.01	-0.01	-0.01	0.43
262152
-0.01	-0.01	0.43
268435456
-0.01	0.43
41442
0.01	0.01	-0.01	-0.01	-0.01	-0.01	-0.01	0.43
8395167
-0.01	-0.01	-0.01	0.01	0.01	-0.01	-0.01	-0.01	0.02	0.01	0.39
4290772992
0.04	0.02	0.01	0.01	0.01	0.01	0.01	0.02	0.01	0.01	0.39
642
-0.01	-0.01	-0.01	0.39
1342181632
-0.01	-0.01	-0.01	-0.01	0.39
545587344
-0.01	-0.01	-0.01	-0.01	-0.01	-0.01	0.39
841109572
-0.01	-0.01	-0.01	-0.01	-0.01	-0.01	-0.01	-0.01	-0.01	0.39
2290171938
-0.01	-0.01	-0.01	-0.01	-0.01	-0.01	-0.01	0.42
4294698000
-0.04	-0.03	-0.03	-0.03	-0.04	-0.04	-0.04	-0.03	-0.03	-0.03	-0.03	-0.03	-0.03	0.01	0.02	0.01	0.01	0.01	-0.01	-0.01	0.41
1684972112
0.01	0.01	0.01	0.01	0.01	0.01	0.01	0.01	0.01	0.01	0.01	0.01	0.01	0.41
134283264
0.01	0.01	0.41
541102080
0.01	0.01	0.01	-0.01	0.41
0
0.41
0
0.41
391167
0.06	-0.01	-0.01	-0.01	-0.01	-0.01	0.02	0.01	0.02	0.01	0.01	-0.01	-0.02	0.04	0.09	0.09	0.08	0.43
4294312447
0.05	0.03	0.03	0.03	0.03	0.02	0.02	0.02	0.01	0.01	0.01	0.01	0.01	0.01	-0.02	-0.01	-0.01	-0.01	-0.01	-0.01	-0.01	-0.01	-0.01	0.41
3659530368
0.01	0.01	0.01	0.01	0.01	0.01	-0.01	0.40
3927965696
0.01	0.01	0.01	0.01	0.01	0.01	0.40
4128
-0.01	-0.01	0.40
268533776
-0.01	-0.01	-0.01	-0.01	0.40
167832239
-0.01	-0.01	-0.01	-0.01	-0.01	-0.01	-0.01	-0.01	-0.01	-0.01	-0.01	-0.01	-0.01	0.39
33554432
0.01	0.39
2
-0.01	0.39
2099204
-0.01	-0.01	-0.01	0.39
270533632
-0.01	-0.01	-0.01	0.39
2148534783
-0.01	-0.01	-0.01	-0.01	-0.01	0.02	0.01	0.01	0.01	0.01	0.01	0.01	0.41
3892316927
-0.02	-0.02	-0.01	0.01	0.01	0.01	0.01	0.01	0.01	0.01	0.01	0.01	0.01	0.01	0.42
536871424
-0.01	-0.01	0.42
2310144
0.01	-0.01	-0.01	0.01	0.42
3875536896
0.01	0.01	0.01	0.01	0.01	0.01	0.42
263242
0.01	0.01	0.01	0.01	0.01	0.42
149957623
0.01	0.01	0.01	0.01	0.01	0.01	0.01	0.01	0.01	0.01	0.01	0.01	0.01	0.01	0.01	0.01	0.43
1073802228
-0.01	-0.01	-0.02	-0.01	0.01	-0.01	-0.02	-0.02	-0.02	-0.01	-0.01	-0.01	0.43
8388608
-0.01	0.43
6145
-0.01	-0.01	-0.01	0.43
2098176
-0.01	-0.01	0.43
16496
-0.01	0.01	0.01	0.01	0.44
3574499600
-0.01	-0.01	-0.01	-0.01	-0.01	-0.01	-0.01	-0.01	-0.01	-0.01	-0.01	-0.01	0.44
671121408
-0.01	-0.01	-0.01	0.44
274726954
-0.01	-0.01	-0.01	0.01	0.01	0.01	0.45
1498488992
-0.01	-0.01	-0.01	-0.01	-0.01	-0.01	-0.01	-0.01	-0.01	-0.01	0.45
67162112
-0.01	-0.01	-0.01	-0.01	0.45
0
0.45
0
0.45
272629807
-0.01	-0.01	-0.01	-0.01	-0.02	-0.02	-0.02	0.44
3351636088
0.44	-0.01	-0.01	0.01	-0.01	0.01	-0.01	0.02	0.01	-0.01	0.04	-0.02	-0.01	0.12	0.17	-0.40	-0.06	0.28
50331648
0.01	0.01	0.28
131089
0.01	0.01	-0.01	0.28
4244504583
-0.01	-0.01	-0.01	-0.01	-0.01	-0.01	-0.01	-0.01	-0.01	-0.01	-0.01	-0.01	-0.01	0.01	0.01	0.01	0.30
4026537983
-0.01	-0.01	-0.01	-0.01	0.01	0.01	0.01	0.01	0.01	0.01	0.01	0.01	0.01	0.01	0.01	0.01	0.31
1
0.01	0.32
2281702398
-0.01	-0.01	0.01	0.01	0.01	0.01	0.01	0.01	0.01	0.01	0.01	0.33
16801791
-0.01	0.01	0.01	0.01	0.01	0.01	0.01	0.01	0.01	0.01	0.01	0.01	0.01	0.02	0.01	0.35
1182794240
-0.01	-0.01	-0.01	-0.01	-0.01	0.35
0
0.36
4243078400
-0.01	-0.01	-0.01	-0.01	-0.01	-0.01	-0.01	-0.01	-0.01	-0.01	-0.01	-0.01	-0.01	-0.01	-0.01	0.36
1432099328
-0.01	-0.01	-0.01	-0.01	-0.01	-0.01	-0.01	-0.01	-0.01	-0.01	-0.01	0.39
4227891199
-0.03	-0.03	-0.03	-0.03	-0.03	-0.01	0.01	0.01	0.01	0.02	0.02	0.03	0.03	0.03	0.03	0.02	0.02	0.02	0.02	0.01	0.02	0.42
4292674048
-0.01	-0.01	-0.01	-0.01	-0.01	-0.01	-0.01	-0.01	-0.01	-0.01	-0.01	-0.01	-0.01	-0.01	-0.01	0.41
3824230459
0.01	0.01	0.01	0.01	0.01	0.01	0.01	0.01	0.01	0.01	0.01	0.01	0.01	0.01	0.01	0.01	0.42
670847023
-0.01	-0.01	-0.01	-0.04	-0.04	-0.03	-0.03	-0.01	-0.01	-0.01	0.01	0.01	-0.01	-0.01	-0.01	-0.01	-0.01	0.41
735051776
0.01	0.01	0.01	0.01	0.01	0.01	0.01	0.41
570860674
0.01	0.01	0.01	0.01	0.01	0.01	0.01	0.01	0.01	0.41
2019
0.01	0.01	0.01	0.01	0.01	0.01	0.01	0.01	0.42
2551468072
-0.01	-0.01	-0.01	-0.01	-0.01	-0.01	-0.01	-0.01	-0.01	0.42
286175
-0.01	-0.01	-0.01	-0.01	-0.01	-0.01	-0.01	-0.01	-0.01	-0.01	-0.01	-0.01	-0.01	0.41
0
0.41
0
0.41
268435456
-0.01	0.41
268436104
-0.01	-0.01	-0.01	-0.01	0.41
1073741824
-0.01	0.41
348330
-0.01	-0.01	-0.01	-0.01	-0.01	-0.01	-0.01	-0.01	0.41
335546400
-0.01	-0.01	-0.01	-0.01	0.41
402734783
-0.01	-0.01	-0.01	-0.01	-0.01	-0.01	-0.01	-0.01	-0.01	-0.01	-0.01	-0.01	-0.01	-0.01	-0.01	0.40
536870912
0.01	0.40
132628598
0.01	0.01	0.08	0.04	-0.02	-0.02	-0.01	-0.01	-0.01	-0.01	-0.01	0.01	0.01	0.01	0.01	0.01	0.40
716537888
0.01	0.01	0.01	0.01	0.01	0.01	0.01	0.01	0.01	0.01	0.40
274115199
0.01	0.01	0.01	0.01	0.01	0.01	0.01	0.01	0.01	-0.01	-0.01	-0.01	-0.01	-0.02	-0.02	-0.02	0.39
2891968558
-0.01	-0.01	0.01	0.01	-0.01	-0.01	-0.01	-0.01	-0.01	-0.01	-0.01	0.01	0.01	0.01	0.01	0.01	0.01	0.01	0.40
469826047
-0.01	-0.01	-0.01	0.01	0.01	0.01	0.01	0.01	-0.01	-0.01	-0.01	-0.01	-0.01	-0.01	-0.01	-0.01	-0.01	0.41
4294468167
-0.02	-0.02	-0.02	-0.02	-0.03	-0.03	-0.01	0.03	0.06	0.07	0.03	0.01	0.01	-0.01	-0.01	0.01	-0.01	0.01	0.01	0.01	0.42
8912896
-0.01	-0.01	0.42
805053503
-0.01	-0.01	-0.01	-0.01	-0.01	-0.01	-0.01	-0.01	-0.02	-0.02	-0.02	0.01	0.01	0.01	0.01	0.01	0.02	0.02	0.02	0.43
3758096384
0.01	0.01	0.01	0.43
268435456
-0.01	0.43
67141632
-0.01	-0.01	0.43
4104
-0.01	-0.01	0.43
1092616192
-0.01	-0.01	-0.01	0.43
0
0.43
272631813
-0.01	-0.01	-0.01	-0.01	-0.01	0.43
73203616
-0.01	-0.01	-0.01	-0.01	-0.01	-0.01	-0.01	-0.01	-0.01	-0.01	-0.01	-0.01	-0.01	-0.01	-0.01	0.43
4097
-0.01	-0.01	0.43
1073741890
-0.01	-0.01	-0.01	0.43
3866632
0.01	0.01	0.01	0.01	0.01	-0.01	0.43
268435456
-0.01	0.43
2793730
0.01	0.01	0.01	0.01	0.01	0.01	0.01	0.43
3120824320
0.01	0.01	0.01	0.01	0.01	0.01	0.43
0
0.43
2147483680
-0.01	0.01	0.43
268435456
-0.01	0.43
67112960
0.01	-0.01	0.43
5120
-0.01	-0.01	0.43
131072
-0.01	0.43
512
-0.01	0.43
807862440
-0.01	-0.01	-0.01	-0.02	-0.01	-0.01	-0.01	-0.01	-0.01	0.43
335708240
-0.01	-0.01	-0.01	-0.01	-0.01	-0.01	0.43
136384544
-0.01	-0.01	-0.01	-0.01	-0.01	0.43
1157662813
-0.01	-0.01	-0.01	-0.01	-0.01	-0.01	-0.01	-0.01	-0.01	-0.01	0.42
3020030498
0.01	0.01	0.01	0.01	0.01	0.01	0.01	0.01	0.42
180322849
0.01	0.01	0.01	0.01	0.01	0.01	0.01	0.01	0.01	0.01	0.01	0.01	0.01	0.42
134381568
0.01	0.01	0.01	0.42
0
0.42
524288
-0.01	0.42
1073741824
-0.01	0.42
268435456
-0.01	0.42
327840
-0.01	-0.01	-0.01	-0.01	0.42
335712592
-0.01	-0.01	-0.01	-0.01	-0.01	-0.01	-0.01	-0.01	0.42
2337357825
-0.01	-0.01	-0.01	-0.01	-0.01	-0.01	-0.01	-0.01	-0.01	0.41
4218684097
0.01	0.01	0.01	0.01	0.01	0.01	0.01	0.01	0.01	0.01	0.01	0.01	0.01	0.01	0.01	0.42
809849518
-0.01	-0.01	-0.01	-0.01	-0.01	-0.01	-0.01	-0.01	-0.01	-0.01	-0.01	-0.01	-0.01	0.41
2326200368
0.01	0.01	0.01	0.01	0.01	0.01	0.01	0.01	0.01	0.01	0.41
33554688
0.01	0.01	0.41
33554440
0.01	0.01	0.41
151060482
0.01	0.01	0.01	0.01	0.41
0
0.41
0
0.41
8454147
-0.01	-0.01	-0.01	-0.01	0.42
4291266645
-0.01	-0.02	-0.02	-0.02	-0.02	-0.02	-0.02	-0.02	-0.01	-0.01	-0.01	-0.01	-0.01	-0.01	-0.01	-0.01	-0.01	-0.01	-0.01	0.41
1610874880
0.01	0.01	0.01	0.41
536870944
0.01	-0.01	0.41
0
0.41
0
0.40
3724552099
0.01	0.01	0.01	0.01	0.01	0.01	0.01	-0.01	-0.01	-0.01	-0.01	0.01	0.01	0.01	0.39
4253077475
0.02	0.03	0.03	0.03	0.02	0.01	0.01	0.01	0.01	0.01	-0.01	-0.01	-0.02	-0.01	-0.01	-0.01	-0.01	0.01	0.01	0.41
4278190111
-0.01	-0.03	-0.02	-0.03	-0.03	-0.04	-0.02	-0.01	-0.01	-0.01	-0.02	-0.02	-0.03	0.38
2880861
0.01	0.01	0.01	0.01	0.01	0.01	0.01	0.01	0.01	0.01	0.01	0.01	0.01	0.01	0.01	0.39
1361033992
-0.01	-0.01	-0.01	-0.01	-0.01	-0.01	-0.01	-0.01	-0.01	-0.01	-0.01	-0.01	-0.01	-0.01	-0.01	0.39
1559
0.01	0.01	0.01	0.01	0.01	0.01	0.41
98303
0.01	0.01	0.01	0.01	0.01	0.01	0.01	0.01	0.01	0.01	0.01	0.01	0.01	0.01	0.02	0.02	0.43
983647232
-0.01	-0.01	-0.01	-0.01	-0.01	-0.01	-0.01	-0.01	-0.01	0.43
8704
0.01	0.01	0.43
4128
-0.01	-0.01	0.43
20
-0.01	-0.01	0.43
8388608
-0.01	0.43
809961471
-0.01	-0.01	-0.01	0.01	0.02	0.01	0.01	0.01	0.01	0.01	0.01	0.01	0.01	0.02	0.02	0.03	0.02	0.45
3758030848
0.01	0.01	-0.01	-0.01	-0.04	-0.03	-0.01	-0.03	-0.03	-0.02	-0.01	-0.01	-0.01	-0.01	-0.01	0.45
0
0.46
4228775936
-0.01	-0.01	-0.01	-0.01	-0.01	-0.01	-0.01	-0.01	-0.01	0.46
0
0.46
268599304
-0.01	-0.01	-0.01	-0.01	0.46
0
0.46
37376
-0.01	-0.01	-0.01	0.46
16793610
-0.01	-0.01	-0.01	-0.01	0.46
17956928
-0.01	-0.01	-0.01	-0.01	0.46
4
-0.01	0.46
0
0.46
33555456
0.01	-0.01	0.46
1
-0.02	0.47
4160636928
-0.02	-0.01	-0.02	-0.02	-0.03	-0.03	-0.03	-0.02	-0.01	-0.01	-0.01	-0.01	-0.01	-0.01	0.01	0.01	0.44
4294844844
0.03	0.03	0.03	0.02	0.02	0.03	0.02	0.03	0.02	0.03	0.03	0.03	0.03	0.02	0.01	-0.01	-0.01	-0.01	-0.01	-0.01	-0.01	0.46
4278288480
-0.02	-0.02	-0.02	-0.02	-0.02	-0.02	-0.02	-0.01	-0.01	-0.01	-0.01	-0.01	0.45
4070763841
0.01	0.01	0.01	0.01	0.01	0.01	0.01	0.01	0.01	0.01	0.01	0.01	0.01	0.01	0.01	0.01	0.45
239
0.01	0.01	0.01	0.01	0.01	0.01	0.01	0.46
2147500032
-0.01	-0.01	0.46
268445957
-0.01	-0.01	-0.01	-0.01	-0.01	-0.01	0.46
1084887297
-0.01	-0.01	-0.01	-0.01	-0.01	-0.01	-0.01	-0.01	0.45
4287905834
0.01	0.01	0.01	0.01	0.01	0.01	0.01	0.01	0.01	0.01	0.01	0.01	0.01	0.01	0.01	0.45
2165450790
0.01	0.01	0.01	0.01	0.01	0.01	0.01	0.01	0.01	0.45
8194
0.01	0.01	0.45
0
0.45
0
0.45
32768
-0.01	0.45
0
0.45
4194304
-0.01	0.45
268435456
-0.01	0.45
4
-0.01	0.45
1082134560
-0.01	-0.01	-0.01	-0.01	0.45
4196387
-0.01	-0.01	-0.01	-0.01	-0.01	0.45
676595210
-0.01	-0.01	-0.01	-0.01	-0.01	-0.01	-0.01	-0.01	-0.01	0.45
2954117760
-0.01	-0.01	-0.01	-0.01	-0.01	-0.01	-0.01	-0.01	0.45
1414177104
-0.01	-0.01	-0.01	-0.01	-0.01	-0.01	-0.01	-0.01	-0.01	-0.01	-0.01	0.45
1074240172
-0.01	-0.01	-0.01	-0.01	-0.01	-0.01	-0.01	-0.01	-0.01	-0.01	-0.01	-0.01	0.44
3937927680
0.01	0.01	0.01	0.01	0.01	0.01	0.01	0.01	0.01	0.01	0.44
2621696
0.01	0.01	0.01	0.44
131072
0.01	0.44
67242594
0.01	0.01	0.01	0.01	0.01	0.01	0.01	0.44
197162
0.01	0.01	0.01	0.01	0.01	0.01	0.44
117957128
0.01	0.01	0.01	0.01	0.01	0.01	0.01	0.01	0.01	0.01	0.01	0.44
1110074024
0.01	0.01	0.01	0.01	0.01	0.01	0.01	0.01	0.01	0.01	0.01	0.44
567410690
0.01	0.01	0.01	0.01	0.01	0.01	0.01	0.44
1363243503
0.01	0.01	0.01	0.01	0.01	0.01	0.01	0.01	0.01	0.01	0.01	0.01	0.01	0.01	0.01	0.01	0.45
1342773246
-0.01	-0.01	-0.01	-0.01	-0.01	-0.01	-0.01	-0.01	-0.01	-0.01	-0.01	-0.01	-0.01	-0.01	-0.01	0.45
2831499655
-0.01	-0.01	-0.01	-0.01	-0.01	-0.01	-0.01	-0.01	-0.01	-0.01	-0.01	-0.01	-0.01	0.45
3063060564
-0.01	-0.01	-0.01	-0.01	-0.01	-0.01	-0.01	-0.01	-0.01	-0.01	-0.01	-0.01	-0.01	-0.01	0.45
436802624
-0.01	-0.01	-0.01	-0.01	-0.01	-0.01	-0.01	-0.01	0.45
32896
-0.01	-0.01	0.45
69642
-0.01	-0.01	-0.01	-0.01	0.45
131072
-0.01	0.45
8388608
-0.01	0.45
268435968
-0.01	-0.01	0.45
0
0.45
8392704
-0.01	-0.01	0.45
0
0.45
0
0.45
268435456
-0.01	0.45
0
0.45
537001984
0.01	0.01	0.45
0
0.45
2261026
0.01	0.01	0.01	0.01	0.01	0.45
637684752
0.01	0.01	0.01	0.01	0.01	0.01	0.01	0.01	0.46
3372063745
-0.01	-0.01	-0.01	-0.01	-0.01	-0.01	-0.01	-0.01	-0.01	-0.01	-0.01	-0.01	-0.01	-0.01	-0.01	0.46
268506384
-0.01	-0.01	-0.01	-0.01	-0.01	-0.01	0.46
2153054720
-0.01	-0.01	-0.01	-0.01	-0.01	-0.01	0.46
1140850752
-0.01	-0.01	-0.01	0.46
805306496
-0.01	-0.01	-0.01	0.46
0
0.46
163840
-0.01	-0.01	0.45
2688548611
0.01	-0.01	-0.01	-0.01	-0.02	-0.03	-0.02	-0.01	-0.03	-0.02	-0.01	-0.02	-0.03	-0.04	-0.03	-0.01	0.01	0.01	0.46
33554432
-0.01	0.46
33721002
0.01	0.01	0.01	0.01	0.01	0.01	0.01	0.01	0.01	0.47
268435456
-0.01	0.47
4096
-0.01	0.47
32768
-0.01	0.47
0
0.47
268959744
-0.01	-0.01	0.47
2107906
0.01	0.01	0.01	0.01	0.01	0.47
2333149087
0.01	0.01	0.01	0.01	0.01	0.01	0.01	0.01	0.01	0.01	0.01	0.01	0.01	0.01	0.01	0.48
16842792
-0.01	-0.01	-0.01	-0.01	0.48
83886096
-0.01	-0.01	-0.01	0.47
3988586624
0.01	0.01	0.01	0.01	0.01	0.01	0.01	-0.02	0.02	0.19	0.01	-0.01	-0.01	0.47
9076922
0.01	0.01	0.01	0.01	0.01	0.01	0.01	0.01	0.01	0.48
2023897986
-0.01	-0.01	-0.01	-0.01	-0.01	-0.01	-0.01	-0.01	-0.01	-0.01	-0.01	-0.01	-0.01	-0.01	0.48
2822768776
-0.01	-0.01	-0.01	-0.01	-0.01	-0.01	-0.01	0.43
4288668352
0.05	0.04	0.03	0.03	0.03	0.02	0.02	0.02	0.01	0.03	0.04	0.01	0.01	0.01	0.01	0.01	0.01	0.01	0.01	0.01	0.47
4250896904
-0.04	-0.04	-0.04	-0.03	-0.01	-0.01	-0.01	-0.01	-0.01	-0.01	-0.01	-0.01	-0.01	-0.01	-0.01	-0.01	-0.01	0.46
3160722944
0.01	0.01	0.01	0.01	0.01	0.01	0.01	-0.01	-0.01	-0.01	0.01	0.01	0.01	0.48
4293333079
-0.02	-0.02	-0.02	-0.02	-0.02	-0.02	-0.02	-0.02	-0.02	-0.02	-0.01	-0.01	-0.01	-0.01	-0.01	0.01	0.01	0.01	0.01	0.01	0.49
268435503
-0.01	0.01	0.01	0.01	0.01	0.01	0.51
134219775
-0.01	0.01	0.01	0.01	0.02	0.03	0.02	0.03	0.03	0.03	0.03	0.03	0.55
2678588910
-0.01	-0.01	-0.01	-0.01	-0.01	-0.01	-0.01	-0.01	-0.01	0.01	0.01	0.01	0.01	0.01	0.01	0.01	0.01	0.57
4282411521
-0.01	-0.01	-0.01	-0.01	-0.01	-0.01	-0.01	-0.01	-0.01	-0.01	0.01	0.01	0.01	0.01	0.58
2687533055
-0.01	-0.01	0.01	0.01	0.01	0.01	0.01	0.02	0.02	0.02	0.02	0.01	0.02	0.02	0.02	0.01	0.02	0.01	0.02	0.60
69210625
0.01	0.01	-0.01	0.01	0.01	0.61
226641919
-0.01	-0.01	-0.01	-0.01	0.01	0.01	0.01	0.02	0.02	0.02	0.02	0.02	0.03	0.03	0.03	0.03	0.03	0.64
2167939232
0.64	0.01	0.01	0.01	0.01	0.01	0.01	0.01	0.76
4294721024
-0.05	-0.04	-0.04	-0.04	-0.04	-0.04	-0.04	-0.04	-0.04	-0.04	-0.04	-0.03	-0.02	-0.01	-0.01	-0.01	-0.01	-0.01	-0.02	0.77
4228902943
-0.01	-0.02	-0.01	-0.01	-0.01	-0.01	-0.01	-0.01	-0.01	-0.01	-0.01	-0.01	-0.02	-0.01	0.01	0.01	0.02	0.02	0.03	0.80
2444698149
0.80	0.01	0.01	0.01	0.01	0.02	0.01	0.01	0.01	0.01	0.01	0.01	0.01	0.01	0.94
4246208422
0.94	-0.01	-0.02	-0.04	0.07	0.01	0.05	0.02	-0.01	0.02	0.01	0.02	-0.03	0.06	0.03	0.01	-0.01	-0.01	0.01	-0.03	0.01	-0.01	0.01	1.11
3210735407
1.11	0.01	-0.01	-0.01	-0.02	-0.03	0.04	-0.01	0.03	-0.01	-0.02	-0.04	-0.03	0.06	0.01	0.02	-0.04	0.11	0.01	0.01	-0.01	0.01	0.01	-0.01	-0.02	1.17
2822725820
1.17	-0.02	0.01	-0.01	0.01	-0.01	0.01	0.01	0.01	0.01	0.01	0.01	0.01	-0.01	0.01	0.01	1.24
2944399535
1.24	0.01	0.02	0.01	0.01	0.01	-0.04	0.01	0.01	0.01	0.03	0.03	-0.03	0.03	0.05	0.03	-0.02	0.02	-0.01	-0.01	-0.01	0.02	0.02	0.01	1.46
3476881396
1.46	0.01	-0.01	-0.01	-0.01	-0.01	0.02	0.04	0.01	0.02	-0.01	-0.01	-0.01	-0.01	-0.01	-0.01	0.01	0.01	0.01	0.01	0.01	0.01	0.01	1.52
4081024915
1.52	-0.01	-0.01	-0.01	0.01	0.01	0.01	-0.02	-0.01	-0.01	-0.01	-0.01	-0.01	0.04	0.01	0.20	-0.07	0.10	0.08	0.02	-0.02	-0.01	-0.02	1.62
4293921023
0.14	0.12	0.10	0.06	0.06	0.05	0.06	0.04	0.04	0.03	0.02	0.01	-0.01	0.01	0.03	0.05	0.06	0.08	0.11	0.13	0.13	1.77
2952265659
1.77	0.01	0.01	0.01	-0.01	-0.02	-0.01	-0.02	-0.01	-0.01	-0.02	-0.02	0.06	0.04	0.01	0.02	0.02	0.06	0.05	-0.02	-0.03	0.08	-0.02	-0.01	-0.01	0.01	0.01	1.94
4225446591
1.94	-0.01	-0.01	-0.01	-0.01	-0.01	-0.01	0.02	0.02	-0.01	0.01	0.01	0.01	-0.01	-0.02	-0.02	-0.01	-0.01	0.01	-0.01	0.01	0.01	0.01	1.91
3493826047
1.91	0.01	-0.01	0.01	0.01	0.04	0.06	0.03	0.03	0.01	-0.01	-0.01	0.01	0.03	0.04	0.04	0.02	0.01	0.01	-0.01	-0.01	2.21
4276467909
2.21	-0.01	-0.03	-0.02	-0.02	-0.01	-0.01	0.02	0.03	0.02	-0.02	-0.02	-0.01	-0.01	-0.01	-0.01	-0.01	0.01	-0.01	-0.01	2.11
4261318223
-0.03	-0.04	-0.04	-0.04	-0.02	-0.01	0.01	0.01	0.02	0.02	0.02	0.01	0.01	-0.01	-0.01	0.01	0.01	0.01	-0.01	0.01	0.02	0.02	0.02	2.13
2617073452
2.13	-0.01	-0.01	0.01	0.01	0.02	0.01	0.01	0.01	-0.01	-0.01	-0.01	0.01	0.02	0.01	0.03	0.02	0.02	-0.01	-0.01	0.01	2.24
3846885635
2.24	-0.01	-0.01	-0.01	0.02	0.01	-0.01	-0.02	-0.01	0.01	-0.01	-0.01	0.01	0.04	2.27
4155926082
2.27	0.04	0.03	0.03	-0.01	-0.02	-0.01	-0.02	-0.01	-0.02	-0.01	-0.01	-0.01	0.01	0.01	0.01	0.01	-0.01	2.27
3279382503
2.27	-0.01	-0.01	-0.01	-0.01	-0.01	0.01	0.01	0.02	0.01	-0.01	-0.01	-0.01	0.01	0.02	0.04	0.03	0.03	-0.01	-0.01	0.02	2.39
4157340211
2.39	0.01	0.01	-0.01	-0.01	-0.02	-0.02	-0.02	-0.01	-0.01	-0.01	-0.01	-0.01	-0.01	-0.01	-0.01	0.01	0.02	0.01	0.01	-0.01	0.01	2.30
4223664127
2.30	-0.01	-0.04	-0.01	0.02	0.02	0.08	0.06	-0.01	0.04	-0.05	0.02	0.04	0.06	0.10	0.08	0.01	0.05	0.02	-0.06	-0.03	-0.04	-0.04	-0.01	-0.02	-0.02	-0.02	-0.02	-0.02	-0.01	2.33
4294961667
0.15	0.14	0.12	0.11	0.10	0.09	0.07	0.07	0.06	0.06	0.05	0.04	0.03	0.03	0.02	0.01	0.02	0.01	0.02	0.01	0.01	-0.01	-0.01	2.31
2097151
-0.02	0.01	0.01	0.02	0.02	0.02	0.03	0.02	0.03	0.04	0.03	0.02	0.03	0.03	0.04	0.04	0.04	0.04	0.04	0.02	0.02	2.32
2213807103
0.01	0.01	0.02	0.03	0.03	0.02	0.01	-0.01	-0.01	-0.01	-0.02	-0.06	-0.11	-0.12	-0.07	-0.06	-0.06	-0.06	2.27
3299191016
2.27	-0.01	-0.01	0.01	0.01	-0.01	-0.01	-0.01	-0.01	0.01	-0.01	0.01	-0.01	-0.01	2.20
4286746623
0.02	0.02	0.02	0.01	0.02	0.01	0.02	0.01	0.01	0.01	0.01	-0.01	-0.02	-0.02	-0.03	-0.03	-0.03	-0.02	-0.02	-0.02	-0.04	-0.05	-0.05	2.14
126222335
0.01	0.01	0.01	0.01	-0.01	-0.01	-0.01	-0.01	-0.01	-0.02	-0.02	-0.02	-0.02	-0.02	-0.02	-0.02	-0.02	-0.02	-0.03	-0.03	-0.04	-0.04	2.06
4293101543
0.03	0.03	0.03	0.02	0.01	0.02	0.02	0.02	0.02	0.01	0.01	-0.01	-0.01	-0.01	0.01	0.02	0.01	0.01	0.01	0.01	-0.01	-0.01	-0.01	2.00
4294965512
0.05	0.05	0.05	0.06	0.05	0.05	0.04	0.04	0.03	0.03	0.03	0.02	0.02	0.01	0.01	0.01	0.01	0.01	0.01	0.01	0.01	-0.01	-0.01	1.96
4286064671
0.03	0.03	0.03	0.01	0.02	0.01	0.01	0.01	0.02	0.01	0.01	0.01	-0.01	0.01	-0.01	-0.02	-0.02	-0.02	-0.02	1.94
33816575
0.01	-0.01	-0.01	-0.02	-0.02	-0.03	-0.04	-0.04	-0.05	-0.04	-0.05	-0.05	-0.06	-0.05	-0.05	-0.06	-0.06	-0.06	-0.06	1.87
2148532223
0.01	0.03	0.05	0.04	-0.01	0.04	0.04	0.07	0.01	0.07	0.14	0.18	0.15	0.23	0.27	0.22	0.27	0.31	0.33	0.35	0.37	2.26
4294901755
2.26	0.01	0.01	0.02	0.02	0.03	0.02	0.03	0.02	0.02	0.03	0.05	0.05	0.05	0.04	-0.02	-0.01	-0.03	-0.02	-0.03	-0.04	-0.02	-0.06	-0.03	-0.12	0.08	-0.03	0.01	-0.01	-0.02	2.31
4226796275
2.31	-0.05	-0.03	0.08	0.01	-0.01	-0.02	-0.02	-0.01	0.02	-0.01	-0.01	-0.01	0.01	0.01	0.01	-0.01	-0.01	0.01	0.02	0.01	-0.01	-0.01	0.37	2.56
3724487606
2.56	-0.22	-0.06	-0.01	0.02	0.01	-0.03	0.07	0.03	0.02	-0.03	-0.02	0.04	0.04	-0.02	-0.01	-0.01	-0.01	-0.01	0.01	0.01	0.01	-0.01	2.37
3380977521
2.37	-0.01	-0.01	0.01	0.01	-0.01	-0.01	-0.01	0.02	0.03	0.03	0.01	0.01	-0.01	-0.01	-0.02	-0.01	2.40
2709328890
2.40	0.01	-0.01	-0.01	0.01	-0.01	0.01	-0.01	-0.01	-0.01	0.01	-0.01	0.01	-0.01	0.01	-0.01	-0.01	-0.01	2.36
4293786485
2.36	0.01	0.01	-0.01	-0.01	0.04	-0.01	0.03	0.01	0.04	0.02	0.01	0.02	-0.03	0.03	-0.01	-0.02	0.02	0.01	-0.02	-0.01	-0.02	-0.02	-0.02	0.01	-0.01	2.44
3748702570
2.44	-0.01	-0.01	0.01	-0.01	0.01	-0.02	-0.01	0.02	-0.02	-0.01	-0.01	-0.02	0.01	0.02	-0.01	0.01	0.01	2.39
3693908234
2.39	-0.01	-0.02	0.01	-0.01	-0.01	0.01	-0.02	-0.01	-0.01	-0.01	-0.01	-0.01	2.28
1340085511
0.01	0.01	0.02	0.02	0.02	0.02	0.01	0.01	-0.01	-0.01	-0.01	-0.01	-0.02	-0.03	2.26
2231951358
-0.01	0.01	0.01	-0.01	0.01	0.01	-0.02	-0.01	-0.01	-0.01	-0.02	-0.02	-0.02	-0.01	-0.01	-0.01	-0.01	-0.01	2.27
2742887830
2.27	0.01	-0.02	-0.01	-0.02	0.01	-0.01	0.02	-0.01	-0.01	-0.01	0.01	0.01	0.01	-0.01	-0.01	-0.01	2.23
3265886176
2.23	-0.01	-0.01	-0.01	-0.01	-0.01	-0.01	-0.01	0.01	-0.01	-0.01	0.01	-0.01	0.01	-0.02	0.01	2.14
3966762755
0.01	0.01	0.01	0.01	0.01	-0.01	-0.01	0.01	0.02	0.03	0.03	0.03	0.04	0.03	0.03	0.02	0.02	0.01	0.01	0.01	0.01	2.18
4294951439
-0.04	-0.04	-0.04	-0.05	-0.05	-0.06	-0.05	-0.06	-0.06	-0.07	-0.07	-0.07	-0.07	-0.06	-0.04	-0.03	-0.02	-0.01	0.01	0.01	0.01	0.03	0.04	2.22
3195507323
2.22	-0.01	-0.01	-0.02	-0.01	-0.01	0.01	0.01	0.01	0.01	0.01	-0.02	-0.01	-0.02	-0.01	0.01	-0.02	-0.01	-0.01	-0.01	0.01	2.11
2961720791
2.11	-0.01	0.01	-0.01	-0.01	-0.01	-0.01	-0.01	0.01	-0.01	-0.01	-0.01	0.01	-0.01	2.00
4294955015
0.05	0.05	0.05	0.05	0.05	0.05	0.04	0.04	0.04	0.03	0.03	0.03	0.03	0.02	0.02	0.01	0.01	0.01	0.01	0.01	0.01	0.01	2.01
2571107327
2.01	-0.02	0.01	-0.02	-0.02	0.01	0.02	0.02	0.03	0.02	0.01	0.03	0.01	0.02	0.02	0.01	0.01	0.01	0.01	0.01	-0.01	0.01	-0.01	-0.01	-0.01	2.16
4138284474
2.16	-0.02	-0.01	-0.01	-0.02	-0.01	-0.01	-0.01	-0.01	-0.01	-0.01	0.01	0.01	0.01	0.01	-0.01	0.01	-0.01	-0.02	2.05
1344405503
-0.01	-0.01	0.01	0.11	0.20	0.27	0.40	0.50	0.60	0.69	0.74	0.77	0.75	0.71	0.67	0.62	0.58	0.54	0.51	0.47	2.48
4287058459
2.48	-0.03	-0.02	-0.04	-0.01	-0.02	-0.02	-0.01	-0.01	-0.01	-0.01	-0.01	-0.01	-0.02	0.01	-0.01	-0.01	-0.01	-0.01	2.23
3620646267
2.23	-0.01	-0.01	0.02	0.02	0.01	0.01	0.01	-0.01	-0.01	-0.01	-0.01	-0.01	-0.01	-0.01	-0.01	-0.01	0.01	-0.02	-0.02	0.01	-0.01	2.15
4294441471
2.15	-0.01	0.03	0.06	0.08	0.06	0.06	0.06	0.06	0.06	0.03	0.02	-0.01	-0.03	-0.03	-0.01	0.02	0.06	0.05	0.02	-0.03	-0.04	-0.05	-0.06	0.01	-0.01	0.01	0.04	0.04	2.72
4291817215
2.72	0.08	0.10	0.08	0.09	0.03	0.02	0.01	0.02	-0.01	0.03	0.08	0.06	0.04	0.02	0.01	-0.02	0.03	0.05	0.02	-0.03	-0.03	-0.05	-0.05	-0.01	-0.02	0.01	-0.02	3.24
4275565127
3.24	-0.04	-0.04	-0.06	0.01	-0.03	-0.04	-0.02	0.01	0.01	0.01	-0.01	-0.01	-0.01	-0.02	-0.02	-0.02	-0.02	-0.01	-0.01	0.01	-0.01	2.90
2524916221
2.90	0.01	0.01	0.01	-0.01	-0.02	-0.01	0.01	-0.02	-0.01	-0.02	0.01	-0.01	0.01	0.01	0.04	0.02	0.04	0.02	0.01	-0.02	2.96
2581592569
2.96	-0.01	-0.02	0.01	0.02	0.02	0.01	0.01	0.01	0.01	0.01	0.01	0.03	0.02	0.01	-0.02	-0.01	-0.01	-0.04	-0.01	0.01	-0.01	-0.01	2.99
3170877159
2.99	-0.01	-0.04	-0.01	0.01	-0.01	-0.03	0.04	0.03	0.08	0.04	0.03	0.02	0.02	0.01	0.02	0.01	0.02	0.01	-0.01	-0.03	-0.03	0.03	0.04	0.03	3.28
4294110574
3.28	0.01	0.01	-0.02	-0.03	-0.03	-0.02	-0.02	-0.02	-0.01	-0.01	-0.01	-0.01	-0.01	-0.01	0.01	0.01	-0.01	-0.02	-0.01	0.02	0.02	-0.01	0.01	3.12
4267392505
3.12	-0.01	-0.01	-0.01	-0.01	-0.01	-0.01	0.01	0.01	0.01	-0.01	0.01	0.01	-0.02	0.01	-0.01	-0.01	-0.01	-0.01	-0.01	-0.01	-0.01	-0.01	3.01
3742671372
3.01	-0.01	-0.01	0.01	-0.01	0.01	-0.01	-0.01	-0.01	-0.01	-0.01	-0.01	-0.01	-0.01	2.91
2466152286
2.91	-0.01	0.01	0.01	0.03	0.02	0.02	0.02	0.01	0.01	-0.01	-0.01	-0.02	0.01	-0.01	0.01	-0.01	-0.01	-0.01	-0.01	-0.01	-0.01	2.94
2437938991
2.94	-0.01	-0.01	-0.01	0.03	0.05	0.07	0.06	0.03	0.04	0.01	0.03	0.03	0.06	0.04	0.01	-0.02	0.03	0.04	0.04	0.04	3.51
4265598330
3.51	-0.02	-0.02	-0.04	-0.04	-0.03	-0.02	-0.01	-0.02	-0.01	-0.03	-0.02	-0.03	-0.01	-0.02	-0.02	-0.01	-0.02	-0.02	-0.01	-0.01	-0.01	-0.01	-0.01	3.06
2730130733
3.06	-0.01	-0.01	-0.01	-0.01	-0.01	-0.01	-0.01	0.01	0.01	-0.01	0.02	0.02	0.01	-0.01	-0.01	-0.01	-0.01	3.00
3291993597
3.00	-0.01	-0.01	-0.01	0.01	0.01	0.01	0.01	0.01	0.01	-0.02	-0.01	0.01	0.06	0.07	0.08	0.04	0.04	0.01	-0.01	3.26
4288449609
3.26	-0.02	-0.04	-0.02	-0.01	-0.01	-0.03	-0.03	-0.01	-0.01	-0.02	-0.02	0.02	-0.01	-0.01	0.01	-0.02	-0.01	2.98
4026404803
0.04	0.03	0.03	0.01	0.01	0.02	0.02	0.03	0.02	0.03	0.02	0.02	0.02	0.01	-0.01	-0.01	-0.01	-0.01	-0.01	-0.01	-0.01	-0.01	2.97
4276763838
2.97	0.01	0.01	0.01	-0.01	0.01	-0.01	-0.01	0.01	-0.02	-0.01	-0.01	0.01	-0.01	-0.01	0.01	-0.01	-0.02	0.01	-0.01	0.01	-0.01	2.91
4223701985
0.01	0.01	0.02	0.02	0.01	0.01	0.01	0.01	0.01	-0.01	-0.02	0.01	0.01	0.01	0.01	0.01	-0.02	2.89
3160440831
0.01	0.01	0.01	0.01	0.01	-0.01	-0.01	0.01	0.04	0.08	0.12	0.15	0.17	0.18	0.18	0.18	0.15	0.12	0.07	0.07	0.08	0.09	2.98
2812405845
2.98	-0.01	-0.02	-0.01	0.01	0.01	0.01	-0.01	-0.01	-0.01	-0.01	-0.01	-0.01	-0.01	-0.01	-0.01	2.87
4060577791
0.01	0.01	0.01	-0.01	0.01	-0.01	-0.01	-0.01	0.01	0.02	0.02	0.03	0.02	0.02	0.02	0.03	0.03	0.03	0.04	0.03	0.03	0.02	0.02	2.89
4244631538
2.89	0.02	0.03	0.03	0.03	0.03	-0.02	-0.02	-0.01	-0.01	-0.02	0.01	0.01	0.02	0.02	0.02	0.01	-0.01	-0.01	-0.02	-0.01	-0.02	-0.01	-0.01	-0.01	0.02	2.99
2951511805
2.99	0.01	-0.01	-0.01	-0.01	-0.01	-0.01	-0.02	-0.01	-0.01	-0.01	0.01	0.03	0.01	0.04	0.03	0.02	-0.01	-0.01	-0.01	-0.02	-0.01	-0.01	-0.02	2.94
4075285731
2.94	-0.01	0.01	-0.01	0.01	0.02	0.01	0.01	-0.01	-0.01	-0.01	-0.01	-0.01	-0.01	-0.01	-0.01	-0.01	0.01	-0.01	0.01	0.02	2.95
4278124507
2.95	0.05	0.05	0.05	0.02	0.02	-0.01	-0.02	-0.02	-0.03	-0.01	-0.02	0.01	-0.01	-0.01	0.01	0.01	0.02	0.02	0.01	0.01	-0.01	-0.01	-0.01	-0.02	-0.02	-0.01	-0.01	3.00
3171572695
3.00	-0.01	-0.02	0.01	-0.01	-0.01	0.01	0.01	-0.01	-0.01	-0.01	-0.02	-0.06	-0.03	-0.02	-0.03	0.02	0.05	0.03	2.94
4025996608
2.94	0.01	0.01	-0.01	0.01	0.01	0.03	0.04	0.04	0.03	0.02	-0.01	-0.01	-0.02	-0.01	-0.02	-0.02	-0.02	-0.01	-0.02	2.96
4279498879
0.03	0.02	0.03	0.03	0.01	0.02	0.01	0.01	0.01	-0.02	-0.03	-0.04	-0.01	-0.01	-0.02	-0.01	-0.01	-0.01	-0.01	-0.01	-0.02	-0.02	-0.02	2.92
4292968575
0.02	0.02	0.03	0.03	0.02	0.02	0.03	0.02	0.02	0.01	0.01	-0.01	-0.01	-0.01	-0.01	-0.03	-0.02	-0.02	-0.01	-0.01	2.91
3632414517
2.91	0.01	0.01	-0.01	0.01	0.01	0.01	0.02	0.01	0.01	0.01	0.01	0.01	0.02	0.03	0.02	3.08
3008526335
3.08	-0.01	-0.03	-0.01	-0.01	-0.01	-0.01	-0.01	0.01	-0.01	0.01	-0.01	0.01	-0.01	0.02	0.02	0.05	0.03	0.03	0.01	0.01	-0.02	3.02
4280360735
0.11	0.09	0.07	0.05	0.04	0.03	0.02	0.01	-0.01	0.01	-0.01	-0.01	-0.01	-0.01	-0.01	-0.01	-0.01	-0.02	-0.02	-0.02	2.94
4294963730
0.06	0.06	0.05	0.05	0.05	0.04	0.04	0.04	0.04	0.03	0.04	0.03	0.04	0.03	0.03	0.02	0.02	0.02	0.02	-0.01	0.01	-0.01	0.01	2.94
2338323439
2.94	-0.01	-0.01	-0.04	0.02	0.01	-0.01	-0.02	0.02	0.02	0.02	0.02	-0.01	-0.01	-0.10	0.08	-0.02	0.04	0.02	0.05	0.03	0.03	0.01	-0.03	3.08
3184755616
3.08	-0.02	-0.01	-0.01	-0.01	-0.01	-0.01	-0.01	-0.02	-0.01	-0.01	-0.01	-0.01	0.01	-0.01	-0.01	2.93
301006847
-0.01	-0.01	-0.02	-0.02	-0.02	-0.01	0.01	-0.01	-0.01	-0.02	-0.02	-0.03	-0.03	-0.04	-0.03	-0.04	-0.04	-0.04	-0.04	-0.04	-0.04	-0.05	2.88
2641800803
0.01	-0.01	-0.01	-0.01	-0.02	-0.02	-0.01	-0.02	-0.01	0.02	0.02	0.01	-0.01	-0.01	-0.01	-0.01	0.01	-0.01	-0.01	2.86
4197104487
2.86	0.01	-0.01	-0.01	0.01	-0.01	-0.01	-0.01	-0.01	0.01	-0.02	-0.04	0.02	0.01	-0.01	-0.01	0.01	0.01	0.01	0.02	2.82
536866847
0.01	0.03	0.06	0.11	0.11	0.11	0.11	0.10	0.08	0.07	0.06	0.05	0.03	0.03	0.02	0.02	0.01	-0.01	-0.01	-0.01	-0.01	-0.02	2.79
2448758045
2.79	-0.01	-0.01	0.01	-0.01	0.01	-0.01	0.01	-0.01	-0.01	-0.01	-0.01	-0.02	0.02	-0.01	-0.02	2.69
4026528266
0.03	0.02	0.02	0.01	0.01	0.01	0.02	0.02	0.03	0.03	0.03	0.03	0.03	0.02	0.02	0.01	0.01	0.01	0.01	0.01	-0.01	-0.01	2.69
3108541923
2.69	-0.01	0.01	-0.01	-0.01	-0.01	0.01	-0.01	-0.01	-0.01	-0.01	0.01	-0.01	0.01	0.01	-0.01	2.64
4049371108
2.64	-0.01	0.01	-0.01	-0.01	-0.01	-0.01	0.01	-0.01	-0.01	0.01	-0.03	0.02	-0.01	0.01	-0.01	0.01	-0.01	0.01	-0.01	2.58
3329265472
2.58	-0.01	-0.02	0.01	-0.01	0.01	-0.01	-0.01	-0.01	0.01	-0.02	0.01	-0.01	2.50
4292087544
0.02	0.02	0.02	0.01	0.02	0.01	0.01	0.01	0.01	0.01	0.01	0.01	-0.01	-0.01	-0.01	-0.01	-0.01	-0.01	-0.01	-0.01	2.50
3172745735
2.50	-0.01	-0.02	0.03	-0.01	-0.01	-0.01	0.01	-0.01	-0.01	-0.01	-0.01	0.01	-0.01	2.44
336592895
-0.01	-0.01	-0.01	-0.01	-0.01	-0.01	-0.01	-0.02	-0.02	-0.02	-0.02	-0.02	-0.03	-0.03	-0.03	-0.03	-0.04	-0.04	-0.04	-0.04	-0.04	-0.04	2.40
2702180351
-0.01	-0.01	0.01	-0.01	-0.01	-0.01	-0.01	-0.02	-0.02	-0.02	-0.03	-0.03	-0.02	-0.03	-0.03	-0.03	-0.03	-0.03	-0.04	-0.04	-0.04	-0.05	-0.04	2.33
4278329343
0.03	0.02	0.02	0.01	0.01	0.01	0.01	0.01	-0.01	-0.01	-0.01	-0.01	-0.01	-0.01	-0.01	-0.02	-0.01	-0.02	-0.02	-0.02	-0.01	-0.02	2.28
4294836479
0.04	0.04	0.04	0.03	0.03	0.02	0.02	0.01	0.01	0.01	0.01	0.01	0.01	0.01	0.01	-0.01	-0.01	-0.02	-0.01	-0.02	-0.02	-0.02	-0.02	2.25
4105896952
0.01	0.01	0.01	-0.01	-0.01	0.01	0.01	0.01	0.01	0.01	0.01	-0.01	-0.01	-0.01	-0.02	-0.02	-0.01	-0.01	2.24
3304996465
0.01	0.01	-0.01	-0.01	-0.01	-0.01	-0.01	-0.01	-0.01	-0.01	-0.01	-0.01	0.01	0.01	0.01	0.01	0.01	0.03	-0.01	2.22
2691734048
2.22	0.01	-0.01	0.01	-0.01	-0.01	-0.03	0.01	-0.01	-0.01	2.16
3557287423
0.01	0.01	0.01	0.01	0.01	0.03	0.02	0.03	0.01	0.01	-0.01	-0.01	-0.01	-0.02	-0.02	-0.02	-0.02	-0.02	-0.02	-0.02	2.11
4287107055
0.03	0.02	0.03	0.01	0.02	0.02	0.02	0.01	0.01	-0.01	-0.01	-0.01	-0.01	-0.01	-0.01	-0.01	-0.01	-0.01	-0.01	-0.02	-0.02	2.07
4294935888
0.01	0.02	0.02	0.01	0.01	0.01	0.02	0.02	0.02	0.02	0.02	0.02	0.01	0.01	0.01	0.01	0.01	-0.01	-0.01	-0.01	-0.01	2.04
4294845056
0.03	0.03	0.03	0.03	0.03	0.02	0.03	0.02	0.02	0.02	0.01	0.01	0.01	0.01	0.01	0.01	-0.01	-0.01	2.01
4290777599
0.02	0.02	0.02	0.02	0.02	0.02	0.01	0.01	0.01	0.01	-0.01	-0.01	-0.01	-0.02	-0.01	-0.02	-0.02	-0.02	-0.02	-0.02	1.97
4278710272
0.02	0.01	0.02	0.01	0.01	0.01	0.01	0.01	-0.01	0.01	0.01	0.01	0.01	0.01	0.01	1.95
4244692991
0.02	0.02	0.01	0.01	0.01	0.01	0.01	-0.01	-0.01	-0.01	-0.01	-0.01	-0.02	-0.02	-0.02	-0.03	-0.02	-0.02	-0.02	-0.02	-0.02	-0.02	1.91
4294844431
0.02	0.02	0.02	0.01	0.01	0.02	0.02	0.01	0.02	0.01	0.01	0.01	0.01	0.01	0.01	0.01	-0.01	-0.01	-0.01	-0.01	1.89
4026532735
0.01	0.01	0.01	0.01	-0.01	-0.01	-0.01	-0.02	-0.01	-0.01	-0.02	-0.01	-0.02	1.87
1966079
-0.01	-0.01	-0.01	-0.01	-0.01	-0.01	-0.01	-0.02	-0.01	-0.02	-0.02	-0.02	-0.02	-0.02	-0.02	-0.03	-0.03	-0.03	-0.03	-0.03	1.83
4271902719
0.01	0.01	0.01	0.01	0.01	0.01	0.01	0.01	0.01	-0.01	-0.01	-0.01	-0.01	-0.01	-0.01	-0.01	-0.02	-0.01	-0.02	-0.01	-0.02	1.81
16383
-0.01	-0.01	-0.01	-0.01	-0.01	-0.01	-0.01	-0.01	-0.01	-0.01	-0.01	-0.01	-0.02	-0.01	1.77
4292739551
0.02	0.02	0.02	0.01	0.01	0.02	0.01	0.01	0.01	0.01	0.01	0.01	0.01	0.01	-0.01	-0.01	-0.01	-0.01	-0.01	-0.01	-0.01	-0.02	1.74
4294959104
0.02	0.02	0.02	0.02	0.02	0.02	0.02	0.02	0.02	0.01	0.01	0.01	0.01	0.01	0.01	0.01	0.01	0.01	0.01	1.74
2155869943
-0.01	-0.01	-0.02	-0.03	-0.03	-0.03	-0.02	0.01	0.02	0.03	0.03	0.01	-0.01	-0.02	0.01	0.01	0.01	0.01	0.01	0.01	0.02	1.76
2795649040
1.76	0.01	0.01	-0.01	-0.01	-0.01	-0.01	-0.01	0.01	-0.01	-0.01	1.71
4124049644
0.01	0.01	0.01	0.01	0.01	0.01	0.01	0.01	0.01	-0.01	-0.01	-0.01	-0.01	-0.01	1.71
1572896767
0.01	-0.02	-0.01	-0.01	-0.01	-0.01	-0.01	-0.01	-0.01	-0.02	-0.02	-0.02	-0.01	-0.02	-0.02	-0.02	-0.02	-0.04	-0.04	-0.04	-0.03	-0.03	1.66
4294836224
0.02	0.02	0.02	0.02	0.02	0.02	0.02	0.02	0.02	0.02	0.01	0.02	0.01	0.01	0.01	1.66
2150822120
-0.01	-0.02	-0.01	-0.01	-0.01	-0.01	-0.01	-0.01	0.01	0.01	0.01	0.01	1.64
4286317055
0.02	0.02	0.02	0.02	0.01	0.02	0.01	0.01	0.01	0.01	0.01	0.01	0.01	-0.01	-0.01	-0.01	-0.01	-0.01	-0.01	-0.01	-0.01	-0.01	1.61
4290379777
0.01	0.01	0.02	0.01	0.01	0.01	0.01	0.01	0.01	0.01	0.01	0.01	0.01	-0.01	1.60
268958723
-0.01	-0.01	-0.01	-0.01	-0.01	-0.01	-0.01	-0.01	-0.01	-0.01	-0.01	-0.01	1.59
268288260
-0.01	-0.01	-0.01	-0.01	-0.01	-0.01	-0.01	-0.01	-0.01	-0.01	-0.01	-0.01	-0.01	-0.03	-0.01	1.58
4293922831
0.01	0.01	0.01	0.01	0.01	0.01	0.01	0.01	0.01	0.01	0.01	0.01	-0.01	0.01	0.02	0.02	0.02	1.65
2820637119
-0.03	0.01	-0.01	0.01	0.01	0.01	0.01	0.01	0.01	-0.01	-0.01	0.03	0.06	0.04	0.04	0.03	0.02	1.67
4292528612
1.67	-0.01	0.03	0.03	0.02	0.02	-0.05	-0.01	-0.03	0.01	-0.01	-0.01	-0.01	0.01	-0.01	-0.01	-0.06	-0.07	0.12	0.05	-0.01	1.66
807407615
-0.01	-0.01	0.01	-0.01	-0.01	-0.01	-0.01	-0.01	-0.01	-0.01	-0.02	-0.01	-0.02	-0.02	-0.02	1.64
2684359427
0.01	0.01	0.01	0.01	0.01	-0.01	-0.01	1.63
136486
0.01	-0.01	-0.01	-0.01	0.01	0.01	0.01	1.65
4292911104
-0.02	-0.02	-0.02	-0.02	-0.02	-0.02	-0.02	-0.02	-0.01	-0.01	-0.01	-0.01	-0.01	1.66
4292870592
-0.02	-0.02	-0.02	-0.01	-0.02	-0.01	-0.02	-0.01	-0.01	-0.01	-0.01	-0.01	-0.01	-0.01	1.64
4271964165
0.02	0.02	0.02	0.01	0.01	0.01	0.01	0.01	0.01	0.01	-0.01	-0.01	1.64
352255
-0.01	-0.01	-0.01	-0.01	-0.01	-0.01	-0.01	-0.01	-0.01	-0.02	-0.01	-0.01	-0.01	-0.02	-0.02	-0.02	1.62
393167
-0.01	-0.01	-0.01	-0.01	-0.01	-0.02	-0.01	-0.01	-0.01	-0.01	-0.01	-0.01	-0.01	-0.01	-0.01	-0.01	1.60
4026533887
0.01	0.01	0.01	0.01	-0.01	-0.01	-0.01	-0.01	-0.01	-0.01	-0.01	-0.01	-0.01	-0.01	-0.01	1.58
4169138177
0.01	0.01	0.01	0.01	0.01	0.01	-0.01	1.57
2434777091
0.01	-0.01	-0.01	-0.01	-0.01	-0.01	-0.01	-0.02	-0.01	-0.01	-0.01	-0.01	1.55
4292870144
0.01	0.01	0.01	0.01	0.01	0.01	0.01	0.01	0.01	0.01	0.01	1.54
3221986800
0.01	0.01	-0.01	-0.01	-0.01	-0.01	-0.01	-0.01	-0.01	-0.01	-0.02	-0.01	-0.01	-0.01	1.52
4294464593
0.02	0.02	0.02	0.01	0.01	0.01	0.01	0.01	0.01	0.01	0.01	0.01	0.01	-0.01	-0.01	-0.01	-0.01	-0.01	-0.01	1.51
4027118463
0.01	0.01	0.01	0.01	-0.01	-0.01	-0.01	-0.01	-0.01	0.01	-0.05	0.04	0.05	0.04	0.05	0.06	0.06	0.07	1.56
3892445183
0.02	0.02	0.02	0.01	-0.01	-0.01	-0.01	-0.01	-0.01	-0.02	-0.02	-0.02	-0.01	-0.01	-0.01	-0.01	-0.01	-0.02	-0.02	-0.02	-0.02	1.56
4294451295
-0.02	-0.02	-0.02	-0.02	-0.02	-0.02	-0.02	-0.02	-0.02	-0.02	-0.01	-0.01	-0.01	-0.01	-0.01	-0.01	-0.01	-0.01	-0.01	-0.02	1.54
3205304322
0.01	0.01	0.01	0.01	0.01	0.01	0.01	0.01	0.01	0.01	-0.01	-0.01	1.53
2139095041
0.01	0.01	0.01	0.01	0.01	0.01	0.01	0.01	-0.01	1.52
2717910048
0.01	0.01	0.01	-0.01	0.01	1.51
4293394944
0.01	0.01	0.01	-0.01	0.01	0.01	0.01	0.01	0.01	0.01	0.01	0.01	-0.01	1.51
1075839359
-0.01	-0.01	-0.01	-0.01	-0.01	-0.01	-0.01	-0.01	-0.01	-0.01	1.49
4288819200
0.01	0.01	0.01	0.01	0.01	0.01	0.01	0.01	0.01	0.01	0.01	0.01	-0.01	1.48
3808428277
0.01	0.01	0.01	0.01	0.01	-0.01	-0.01	-0.01	-0.01	-0.01	-0.01	1.47
65570
-0.01	-0.01	-0.01	1.45
4026400768
0.01	0.02	0.01	0.01	0.01	0.01	0.01	0.01	0.01	0.01	0.01	0.01	0.01	0.01	1.44
4246863877
0.01	0.01	0.01	0.01	0.01	0.01	0.01	0.01	0.01	0.01	-0.01	1.42
85164031
-0.01	0.01	-0.01	0.01	0.02	0.03	0.03	0.02	0.01	0.02	0.03	0.04	0.03	0.03	0.04	0.04	0.04	0.04	0.04	0.04	1.48
3351665791
-0.01	-0.01	0.01	0.01	0.02	0.01	0.01	0.01	0.01	-0.01	-0.01	-0.01	-0.03	-0.01	-0.01	-0.01	-0.03	-0.04	-0.03	-0.02	1.45
150993921
-0.01	0.01	0.01	0.02	0.01	0.02	0.02	0.02	0.02	0.02	0.01	0.01	0.01	0.01	0.01	-0.01	1.43
4022338080
0.01	0.01	0.01	0.01	0.01	0.01	0.01	0.01	0.01	-0.01	0.01	1.42
1677721725
0.01	0.01	0.01	-0.01	-0.01	-0.01	-0.01	-0.01	-0.01	1.41
2152329144
0.01	0.01	-0.01	0.01	0.01	0.01	0.01	0.01	0.01	0.02	0.01	0.01	0.01	0.01	0.01	1.42
2685795296
-0.01	-0.01	-0.01	-0.01	-0.01	-0.01	-0.01	-0.01	-0.01	-0.01	-0.01	-0.01	-0.01	-0.01	-0.01	1.42
352486140
-0.01	-0.01	-0.01	-0.01	-0.01	-0.01	-0.01	-0.01	-0.01	-0.01	-0.01	-0.01	1.41
3825221614
0.01	0.01	0.01	-0.01	0.01	0.01	0.01	0.01	0.01	0.01	0.01	0.01	0.01	0.01	0.01	0.01	1.40
4194315088
0.01	0.01	0.01	0.01	0.01	0.01	-0.01	-0.01	-0.01	-0.01	-0.01	-0.01	1.39
4093644863
0.01	0.01	0.01	0.01	0.01	-0.01	0.02	0.02	0.01	0.02	0.03	0.03	1.46
3551512841
1.46	0.02	-0.01	-0.01	-0.01	0.02	-0.01	-0.01	0.01	0.01	-0.02	-0.02	-0.01	0.01	-0.01	-0.01	-0.01	1.39
3792435199
0.01	0.01	0.01	0.01	-0.01	-0.01	-0.01	-0.01	-0.01	-0.01	-0.01	0.03	0.05	0.04	0.05	0.04	0.07	0.05	0.05	0.03	0.03	0.03	1.45
4220674045
-0.03	-0.03	-0.03	-0.02	-0.01	0.01	0.01	0.01	-0.01	0.01	0.01	0.01	-0.01	-0.03	-0.04	-0.03	-0.03	-0.04	-0.03	-0.01	0.01	-0.02	0.02	1.48
4260222146
1.48	-0.02	-0.01	-0.01	0.01	-0.02	0.01	-0.01	0.02	-0.01	-0.01	-0.01	0.01	0.01	0.01	-0.01	-0.01	-0.01	-0.01	-0.01	1.39
4034981873
0.01	0.01	0.01	0.01	0.01	0.01	0.01	0.01	0.01	0.01	0.01	0.01	0.01	0.02	0.01	0.01	-0.01	1.39
4092014603
-0.01	-0.01	-0.01	-0.01	0.01	0.01	0.01	0.01	0.01	0.01	0.01	0.01	0.01	0.01	-0.01	-0.01	-0.01	1.36
4294443039
0.02	0.02	0.02	0.02	0.01	0.01	0.02	0.01	0.01	0.01	0.01	0.01	0.01	-0.01	-0.01	-0.01	-0.01	-0.01	1.34
4017098752
0.01	0.01	0.01	0.01	0.01	0.01	0.01	0.01	0.01	0.01	-0.01	1.34
1023
0.01	0.01	0.01	0.01	0.01	0.02	0.02	0.01	0.02	0.02	1.35
2147598207
0.01	0.01	0.01	-0.01	-0.02	-0.02	-0.02	-0.02	-0.02	-0.02	-0.02	-0.02	-0.02	-0.03	-0.02	-0.03	1.32
268455945
0.01	-0.01	-0.01	-0.01	-0.01	1.31
3975
0.01	0.01	0.01	0.01	0.01	-0.01	-0.01	-0.01	1.29
4016701448
0.01	0.01	0.01	0.01	0.01	0.01	0.01	0.01	0.01	0.01	0.01	-0.01	1.28
4211248631
0.01	0.01	0.01	0.01	0.01	0.01	0.01	-0.01	-0.01	-0.01	-0.01	-0.01	-0.01	-0.01	-0.01	-0.01	-0.01	-0.01	-0.01	1.27
3087015683
0.01	0.01	0.01	0.01	-0.01	-0.01	-0.01	-0.01	-0.01	-0.01	-0.01	1.26
24575
-0.01	-0.01	-0.01	-0.01	-0.01	-0.01	-0.01	-0.01	-0.01	-0.01	-0.01	-0.01	-0.01	-0.01	1.25
48726744
-0.01	-0.01	-0.01	-0.01	0.01	0.01	0.01	0.01	0.01	0.01	0.01	0.01	0.01	1.25
815808543
-0.01	-0.01	0.01	0.01	0.01	-0.01	-0.01	-0.01	-0.01	-0.01	1.23
3758620765
0.01	0.01	0.01	0.01	-0.01	-0.01	-0.01	-0.01	-0.01	1.21
4294443010
0.01	0.01	0.01	0.01	0.01	0.01	0.01	0.01	0.01	0.01	0.01	0.01	0.01	-0.01	1.20
4289986576
0.01	0.01	0.01	0.01	0.01	0.01	0.01	0.01	0.01	0.01	0.01	0.01	-0.01	1.19
4282515456
0.01	0.01	0.01	0.01	0.01	0.01	0.01	0.01	0.01	0.01	1.18
3925869015
0.01	0.01	0.01	0.01	0.01	-0.01	-0.01	-0.01	-0.01	-0.01	-0.01	-0.01	1.17
73471
-0.01	-0.01	-0.01	-0.01	-0.01	-0.01	-0.01	-0.01	-0.01	-0.01	-0.01	-0.01	-0.01	1.16
67117055
-0.01	-0.01	-0.01	-0.01	-0.01	-0.01	-0.01	-0.01	-0.01	-0.01	-0.01	-0.01	-0.01	-0.01	1.14
4283871232
0.01	0.01	0.01	0.01	0.01	0.01	0.01	0.01	0.01	0.01	0.01	0.01	0.01	0.01	0.01	1.13
4225761344
0.01	0.01	0.01	0.01	0.01	0.01	0.01	0.01	0.01	0.01	-0.01	1.12
4025810944
0.01	0.01	0.01	0.01	0.01	0.01	0.01	0.01	0.01	0.01	0.01	0.01	0.01	1.11
4294615040
0.01	0.01	0.01	0.01	0.01	0.01	0.01	0.01	0.01	0.01	0.01	0.01	0.01	0.01	0.01	0.01	1.11
268606975
-0.01	-0.01	-0.01	-0.01	-0.01	-0.01	-0.01	-0.01	-0.01	-0.01	-0.01	-0.01	-0.01	-0.01	-0.01	1.10
134337535
-0.01	-0.01	-0.01	-0.01	-0.01	-0.01	-0.01	-0.01	-0.01	-0.01	-0.01	-0.01	-0.01	-0.01	-0.01	1.08
4294316032
0.01	0.01	0.01	0.01	0.01	0.01	0.01	0.01	0.01	0.01	0.01	0.01	0.01	0.01	0.01	1.07
4017750024
0.01	0.01	0.01	0.01	0.01	0.01	0.01	0.01	0.01	0.01	0.01	0.01	-0.01	1.06
4290117632
0.01	0.01	0.01	0.01	0.01	0.01	0.01	0.01	0.01	0.01	0.01	0.01	0.01	1.06
134381568
-0.01	0.01	0.01	1.05
4280360992
0.01	0.01	0.01	0.01	0.01	0.01	0.01	0.01	0.01	0.01	0.01	0.01	1.05
314279
-0.01	-0.01	-0.01	-0.01	-0.01	-0.01	-0.01	-0.01	-0.01	-0.01	-0.01	1.04
463
-0.01	-0.01	-0.01	-0.01	-0.01	-0.01	-0.01	1.03
33619959
-0.01	0.01	0.01	0.01	0.01	0.01	0.01	0.01	0.01	0.01	0.01	0.01	0.01	0.01	0.01	0.01	1.03
2147487754
0.01	-0.01	-0.01	-0.01	1.02
3221225489
0.01	0.01	-0.01	-0.01	1.01
3758096384
0.01	0.01	0.01	1.00
3807125512
0.01	0.01	0.01	0.01	0.01	0.01	0.01	0.01	0.01	0.01	-0.01	1.00
152
-0.01	-0.01	-0.01	1.00
537651104
-0.01	0.01	0.01	0.01	0.01	0.01	0.01	0.01	0.01	0.01	0.01	0.01	1.00
90111
-0.01	-0.01	-0.01	-0.01	-0.01	-0.01	-0.01	-0.01	-0.01	-0.01	-0.01	-0.01	-0.01	-0.01	-0.01	0.99
2597
-0.01	-0.01	-0.01	-0.01	-0.01	1.01
4026531904
-0.03	-0.03	-0.03	-0.03	-0.01	1.01
1327616
-0.01	-0.01	-0.01	-0.01	1.01
1434980692
-0.01	-0.01	-0.01	-0.01	-0.01	-0.01	-0.01	-0.01	-0.01	-0.01	-0.01	1.00
0
1.00
65544
-0.01	-0.01	0.99
3768582144
0.01	0.01	0.01	0.01	0.01	0.99
295442
-0.01	-0.01	-0.01	-0.01	-0.01	0.98
3221229568
0.01	0.01	-0.01	0.98
21094384
-0.01	-0.01	0.01	0.01	0.01	0.01	0.01	0.01	0.01	0.01	0.01	0.01	0.01	0.01	0.98
10
-0.01	-0.01	0.97
1644167425
0.01	0.01	0.01	-0.01	-0.01	0.96
4156694528
0.01	0.01	0.01	0.01	0.01	0.01	0.01	0.01	0.01	0.01	0.01	0.96
4768
-0.01	-0.01	-0.01	-0.01	0.96
1427673008
-0.01	-0.01	-0.01	-0.01	-0.01	-0.01	-0.01	-0.01	-0.01	-0.01	-0.01	-0.01	-0.01	-0.01	0.97
2149598207
-0.01	0.01	-0.01	-0.01	-0.01	-0.01	-0.01	-0.01	-0.01	-0.01	-0.01	-0.01	-0.01	0.96
268436991
-0.01	-0.01	-0.01	-0.01	-0.01	-0.01	-0.01	-0.01	-0.01	-0.01	-0.01	0.95
0
0.95
105343
-0.01	-0.01	-0.01	-0.01	-0.01	-0.01	-0.01	-0.01	-0.01	-0.01	-0.01	-0.01	-0.01	0.94
2768895
0.01	0.01	0.01	0.01	0.02	0.02	0.02	0.02	0.02	0.02	0.02	0.02	0.01	0.01	0.01	0.01	0.01	0.95
1103
-0.01	-0.01	-0.01	-0.01	-0.01	-0.01	0.94
25106045
0.01	0.01	0.01	0.01	0.01	0.01	0.01	-0.01	-0.01	0.01	0.01	0.01	0.01	0.01	0.01	0.01	0.01	0.96
4227862527
-0.02	-0.01	-0.01	-0.01	-0.01	-0.01	-0.01	-0.01	-0.01	-0.01	-0.01	-0.01	-0.02	-0.04	-0.04	-0.05	-0.01	-0.01	0.95
2081431552
-0.01	-0.01	-0.03	-0.03	-0.04	0.01	0.01	0.95
268468737
-0.01	-0.01	-0.01	-0.01	0.95
542044
-0.01	-0.01	-0.01	-0.01	-0.01	-0.01	-0.01	-0.01	0.94
2153775106
0.01	0.01	0.01	0.01	0.94
512
0.01	0.94
34078719
-0.01	-0.01	-0.01	-0.04	-0.01	0.01	0.02	0.02	0.03	0.02	0.02	0.03	0.03	0.02	0.03	0.03	0.03	0.03	0.03	0.03	0.96
4290772992
0.01	0.01	0.01	0.01	0.01	0.01	0.01	0.01	0.01	0.01	0.95
4121042944
0.01	0.01	0.01	0.01	0.01	0.01	0.01	0.01	0.01	0.01	0.95
285223423
-0.01	-0.01	-0.01	-0.01	-0.01	-0.01	-0.02	-0.03	-0.02	-0.04	-0.02	-0.01	-0.01	0.94
4225327527
0.94	0.01	0.01	0.01	-0.01	0.02	-0.02	-0.01	0.01	-0.01	-0.02	0.01	0.05	0.01	0.01	0.02	-0.01	0.04	0.04	-0.04	1.07
4288168003
-0.03	-0.02	-0.02	-0.01	-0.03	-0.02	-0.01	-0.01	-0.01	-0.01	-0.01	-0.02	0.01	-0.01	-0.01	1.05
4278204471
0.01	0.01	0.01	0.01	0.01	0.01	0.01	0.01	0.01	0.01	0.01	-0.01	-0.01	0.01	0.01	0.01	1.06
2818570752
-0.01	-0.01	-0.01	-0.01	-0.01	-0.01	-0.01	-0.01	-0.01	-0.02	-0.03	-0.02	-0.04	-0.05	-0.06	-0.05	-0.04	-0.01	-0.01	1.06
804520064
0.02	0.01	0.01	0.01	0.01	0.01	0.01	0.01	0.01	0.01	0.01	1.06
384
-0.01	-0.01	1.05
4291825664
0.01	0.01	0.01	0.01	0.01	0.01	0.01	0.01	0.01	0.01	0.01	-0.01	1.05
325632
0.01	0.01	0.01	0.01	0.01	0.01	1.05
1034
-0.01	-0.01	-0.01	1.04
3920232448
0.01	0.01	0.01	0.01	0.01	0.01	0.01	0.01	0.01	1.04
285664607
-0.01	-0.01	-0.01	-0.01	-0.01	-0.01	-0.01	-0.01	-0.01	-0.01	-0.01	-0.01	-0.01	-0.01	-0.01	1.03
134221824
-0.01	-0.01	1.02
4273864705
0.01	0.01	0.01	0.01	0.01	0.01	0.01	0.01	0.01	0.01	0.01	0.01	0.01	-0.01	1.01
3151327264
0.01	0.01	0.01	0.01	0.01	0.01	0.01	0.01	0.01	0.01	0.01	0.01	0.01	0.01	0.01	1.01
268436109
-0.01	-0.01	-0.01	-0.01	-0.01	-0.01	1.00
16777501
-0.01	-0.01	-0.01	-0.01	-0.01	-0.01	0.99
2177892352
0.01	0.01	0.01	0.01	0.01	0.99
2
-0.01	0.98
3808428032
0.01	0.01	0.01	0.01	0.01	0.97
3959177856
0.01	0.01	0.01	0.01	0.01	0.01	0.01	0.01	0.01	0.01	0.01	0.01	0.01	0.01	0.01	0.97
16397
-0.01	-0.01	-0.01	-0.01	0.96
33558528
0.01	-0.01	0.96
1053871
-0.01	-0.01	-0.01	-0.01	-0.01	-0.01	-0.01	-0.01	-0.01	0.95
0
0.95
2419607033
-0.01	-0.01	-0.01	-0.01	-0.01	-0.01	-0.01	-0.01	-0.01	-0.01	-0.01	-0.01	-0.01	-0.01	0.94
16
-0.01	0.94
16814509
-0.01	-0.01	-0.01	-0.01	-0.01	-0.01	-0.01	-0.01	-0.01	0.93
2097152
0.01	0.93
135168
-0.01	-0.01	0.93
402653309
-0.01	-0.01	-0.01	-0.01	-0.01	-0.01	-0.01	-0.01	0.92
4325392
0.01	0.01	-0.01	0.92
20618
-0.01	-0.01	-0.01	-0.01	-0.01	0.91
1545601024
0.01	0.01	0.01	0.01	0.01	0.91
603979776
0.01	0.01	0.90
4021022720
0.01	0.01	0.01	0.01	0.01	0.01	0.01	0.01	0.01	0.01	0.01	0.01	0.01	0.01	0.01	0.01	0.90
0
0.90
4096
-0.01	0.90
536882172
-0.01	-0.01	-0.01	-0.01	-0.01	-0.01	-0.01	-0.01	-0.01	-0.01	-0.01	0.89
2097152
0.01	0.89
268435456
-0.01	0.89
134299680
-0.01	-0.01	-0.01	-0.01	0.89
2349895680
-0.01	-0.01	-0.01	-0.01	-0.01	-0.01	0.88
4196533744
0.01	0.01	0.01	0.01	0.01	0.01	0.01	0.01	0.01	0.01	0.01	0.01	0.01	0.01	0.88
671090176
0.01	0.01	-0.01	0.01	0.88
805306368
-0.01	-0.01	0.88
1073745025
-0.01	-0.01	-0.01	-0.01	-0.01	0.87
2130772484
0.01	0.01	0.01	0.01	0.01	0.01	0.01	0.01	0.01	0.01	0.87
0
0.87
33558529
-0.01	-0.01	-0.01	0.87
806686656
-0.01	-0.01	-0.01	-0.01	-0.01	-0.01	-0.01	-0.01	-0.01	-0.01	-0.01	0.86
3392150439
0.01	0.01	0.01	0.01	0.01	0.01	0.01	0.01	0.01	0.01	0.01	0.01	0.01	0.01	0.01	0.87
150999336
-0.01	-0.01	-0.01	-0.01	-0.01	-0.01	0.86
4220780544
0.01	0.01	0.01	0.01	0.01	0.01	0.01	0.01	0.01	0.01	0.86
4096
-0.01	0.86
319815684
-0.01	-0.01	-0.01	-0.01	-0.01	0.86
11828675
-0.01	-0.01	-0.01	-0.01	-0.01	-0.01	-0.01	-0.01	-0.01	-0.01	-0.01	-0.01	-0.01	-0.01	0.93
4294757903
-0.08	-0.07	-0.08	-0.07	-0.06	-0.08	-0.09	-0.09	-0.09	-0.04	0.58	0.62	0.40	0.01	0.01	0.01	0.01	0.01	0.01	-0.02	-0.02	-0.01	-0.01	0.93
3747084292
-0.01	-0.01	-0.02	-0.03	-0.05	-0.04	-0.03	0.01	0.01	0.01	0.01	0.01	0.01	0.01	0.01	0.01	0.01	0.01	0.93
1061887
-0.01	-0.01	-0.01	-0.01	-0.01	-0.01	-0.01	-0.01	-0.01	-0.01	-0.01	-0.01	-0.01	0.91
3471114240
0.01	0.01	0.01	0.01	0.01	0.01	0.01	0.01	0.01	0.01	0.91
8389121
-0.01	0.01	-0.01	0.90
4293919264
0.01	0.01	0.01	0.01	0.01	0.01	0.01	0.01	0.01	0.01	0.01	0.01	0.01	0.01	0.90
2048
-0.01	0.89
3659530240
0.01	0.01	0.01	0.01	0.01	0.01	0.88
0
0.87
4194304000
0.01	0.01	0.01	0.01	0.01	0.01	0.87
268374017
-0.01	-0.01	-0.01	-0.01	-0.01	-0.01	-0.01	-0.01	-0.01	-0.01	-0.01	-0.01	-0.01	0.01	0.87
4261412864
0.01	0.01	0.01	0.01	0.01	0.01	0.01	0.87
69735424
-0.01	-0.01	-0.01	-0.01	-0.01	0.95
4286562304
-0.01	0.01	-0.08	-0.10	-0.05	-0.02	-0.01	-0.01	-0.01	-0.03	-0.05	-0.05	-0.05	-0.05	-0.05	-0.05	-0.01	0.95
2228287
0.01	0.01	-0.01	-0.03	-0.04	-0.04	-0.03	-0.03	0.92
3071319612
0.92	-0.01	0.01	-0.01	-0.01	-0.01	0.01	0.04	-0.02	-0.01	0.01	0.03	-0.01	0.01	-0.01	0.01	0.94
3942646864
0.01	0.01	0.01	0.01	0.01	0.01	-0.01	-0.01	-0.01	0.93
4095737858
0.01	0.01	0.01	0.01	0.01	0.01	0.01	0.93
2164259459
0.93	0.01	0.01	-0.01	0.01	0.30	-0.13	-0.12	-0.02	0.01	0.01	0.01	-0.02	-0.01	-0.01	-0.01	0.01	-0.01	0.96
272506879
0.01	0.01	0.03	0.02	0.01	0.01	-0.01	-0.01	-0.01	-0.01	-0.01	-0.01	-0.01	-0.01	-0.01	-0.01	-0.01	-0.02	-0.02	0.94
2143293951
-0.01	-0.01	-0.01	-0.01	-0.01	-0.01	-0.01	-0.01	-0.01	-0.01	0.02	0.02	0.02	0.03	0.02	0.02	0.02	0.03	0.04	1.01
4294950914
-0.01	0.02	0.02	0.02	0.04	0.03	0.02	0.02	0.01	0.02	0.01	0.01	0.01	0.01	0.01	0.01	0.01	0.01	-0.01	1.00
2684354563
0.01	0.01	-0.01	-0.01	0.99
1022
0.01	0.01	0.01	0.01	0.01	0.01	0.01	0.01	0.01	0.99
44040287
0.01	0.01	0.01	0.01	0.01	0.01	0.01	0.02	0.02	1.02
1073835775
-0.01	0.01	0.01	0.01	0.01	0.01	0.01	0.01	-2.02	-2.02	-2.02	-2.02	-2.02	-2.02	-2.02	